,phen,male_count,female_count,combined_count
0,0,6,5,11
1,0080,0,1,1
2,0090,1,0,1
3,0091,1,0,1
4,0479,1,1,2
5,0529,0,1,1
6,0705,1,1,2
7,0781,0,3,3
8,0788,1,0,1
9,0799,1,0,1
10,0840,0,1,1
11,1,831,839,1670
12,10,310,362,672
13,100,0,1,1
14,1005,0,1,1
15,1007,1,0,1
16,1010,1,0,1
17,102,1,0,1
18,104,0,1,1
19,105,0,1,1
20,106,0,2,2
21,108,2,1,3
22,11,275,309,584
23,112,0,1,1
24,116,1,0,1
25,119,2,0,2
26,12,252,270,522
27,121,1,0,1
28,124,1,1,2
29,13,205,226,431
30,130,0,1,1
31,131,1,0,1
32,1363,1,0,1
33,138,1,1,2
34,14,179,204,383
35,147,2,0,2
36,15,147,194,341
37,16,142,146,288
38,1600,0,1,1
39,17,111,131,242
40,1729,1,0,1
41,1730,1,0,1
42,1733,1,2,3
43,1736,2,0,2
44,1749,0,2,2
45,18,98,115,213
46,1809,0,1,1
47,1869,1,0,1
48,1889,0,1,1
49,189,1,0,1
50,19,91,98,189
51,1939,0,1,1
52,2,1144,1166,2310
53,20,83,94,177
54,2015,1,0,1
55,2019,1,0,1
56,2028,1,1,2
57,2050,0,1,1
58,2059,0,1,1
59,21,62,78,140
60,2102,1,0,1
61,211,0,1,1
62,2113,2,0,2
63,2114,1,0,1
64,2149,3,1,4
65,2156,0,1,1
66,2160,0,1,1
67,2163,1,10,11
68,2164,1,1,2
69,2165,3,1,4
70,2166,0,2,2
71,2167,2,4,6
72,2179,0,4,4
73,2189,0,9,9
74,22,50,72,122
75,2280,1,0,1
76,23,69,84,153
77,230,1,0,1
78,2330,0,1,1
79,2331,0,6,6
80,24,40,49,89
81,2429,0,1,1
82,25,47,44,91
83,2500,1,1,2
84,25000,0,1,1
85,25009,2,0,2
86,2551,0,1,1
87,26,42,53,95
88,27,40,34,74
89,28,32,37,69
90,2809,0,1,1
91,2859,1,1,2
92,29,30,34,64
93,3,916,916,1832
94,30,21,21,42
95,3050,1,0,1
96,31,23,35,58
97,32,26,24,50
98,32.0061,0,1,1
99,3239,1,1,2
100,33,16,15,31
101,33379,1,0,1
102,34,18,18,36
103,3419,1,0,1
104,3459,1,1,2
105,3469,1,1,2
106,35,12,17,29
107,3510,1,0,1
108,3540,1,1,2
109,3556,0,1,1
110,35809,0,1,1
111,36,11,16,27
112,3619,1,0,1
113,3651,1,0,1
114,3669,0,2,2
115,37,9,9,18
116,3727,0,1,1
117,3731,0,1,1
118,3732,0,1,1
119,3733,1,0,1
120,3743,1,0,1
121,3749,0,1,1
122,3780,1,1,2
123,3789,0,1,1
124,3793,0,1,1
125,38,12,11,23
126,38019,1,0,1
127,3819,0,1,1
128,3823,0,1,1
129,3829,1,0,1
130,3833,1,0,1
131,3842,1,1,2
132,3848,0,2,2
133,3853,0,2,2
134,3858,1,0,1
135,3863,2,0,2
136,39,12,12,24
137,4,806,894,1700
138,40,7,11,18
139,4019,1,2,3
140,41,4,9,13
141,4109,6,0,6
142,4139,2,0,2
143,4140,1,0,1
144,4149,2,0,2
145,4151,0,1,1
146,42,9,8,17
147,420,1,0,1
148,4239,2,0,2
149,425,5,3,8
150,4267,1,0,1
151,4273,1,0,1
152,4278,1,1,2
153,4279,1,0,1
154,4290,1,0,1
155,43,9,8,17
156,44,6,3,9
157,445,1,0,1
158,4480,0,1,1
159,4489,0,1,1
160,45,9,3,12
161,4519,1,0,1
162,4549,3,27,30
163,4550,1,0,1
164,4556,7,2,9
165,4558,2,0,2
166,4559,0,2,2
167,46,7,5,12
168,46.4,0,1,1
169,46.4267,0,1,1
170,4639,2,1,3
171,47,4,6,10
172,4709,6,3,9
173,4710,1,0,1
174,4718,2,0,2
175,4719,5,2,7
176,4720,1,0,1
177,4721,1,0,1
178,4739,5,2,7
179,4740,5,2,7
180,4741,1,0,1
181,4748,1,0,1
182,4759,2,0,2
183,4780,1,0,1
184,4781,6,4,10
185,4784,1,0,1
186,4785,1,1,2
187,4789,0,1,1
188,48,3,7,10
189,4828,0,1,1
190,49,3,4,7
191,4931,1,0,1
192,4939,1,0,1
193,49399,2,0,2
194,5,606,766,1372
195,50,5,3,8
196,51,3,2,5
197,5129,2,0,2
198,52,3,8,11
199,5206,11,20,31
200,5210,0,2,2
201,5226,0,2,2
202,5229,0,1,1
203,5231,0,1,1
204,5234,1,0,1
205,5239,0,1,1
206,5243,0,2,2
207,5251,0,1,1
208,5253,0,1,1
209,5259,0,1,1
210,5285,1,0,1
211,5298,1,0,1
212,53,6,4,10
213,5301,4,1,5
214,53011,1,0,1
215,53019,1,0,1
216,5329,3,0,3
217,5351,0,1,1
218,5353,1,0,1
219,5355,2,0,2
220,5356,2,0,2
221,5362,0,1,1
222,5368,3,3,6
223,54,5,2,7
224,5401,1,0,1
225,5409,7,4,11
226,5419,3,1,4
227,5429,0,1,1
228,55,4,0,4
229,5509,9,2,11
230,5531,0,1,1
231,5532,2,0,2
232,5533,2,0,2
233,5551,1,0,1
234,5569,3,0,3
235,5589,1,2,3
236,55899,1,1,2
237,56,2,3,5
238,5621,1,1,2
239,5640,1,0,1
240,56409,0,1,1
241,5641,0,1,1
242,5649,0,1,1
243,5650,2,2,4
244,5651,1,1,2
245,5669,2,0,2
246,5690,0,1,1
247,5692,2,0,2
248,5693,1,1,2
249,5694,1,0,1
250,5698,0,1,1
251,5699,0,1,1
252,57,4,4,8
253,5714,1,0,1
254,5716,0,1,1
255,5733,1,1,2
256,5740,1,0,1
257,5741,1,1,2
258,5742,1,6,7
259,5751,0,1,1
260,5770,0,1,1
261,5780,0,1,1
262,5790,1,0,1
263,58,4,4,8
264,5859,1,0,1
265,59,1,3,4
266,5901,0,1,1
267,5959,1,1,2
268,5960,2,0,2
269,5968,1,0,1
270,5989,4,1,5
271,5990,3,1,4
272,5997,4,1,5
273,59979,2,0,2
274,6,618,699,1317
275,60,4,0,4
276,600,1,0,1
277,6009,1,0,1
278,60099,1,0,1
279,6010,1,0,1
280,6019,2,0,2
281,6039,1,0,1
282,6049,2,0,2
283,6059,8,0,8
284,6072,1,0,1
285,61,0,2,2
286,6101,0,6,6
287,6102,0,2,2
288,6103,0,1,1
289,6109,0,2,2
290,6110,0,1,1
291,6111,1,1,2
292,6117,0,5,5
293,6118,0,1,1
294,6142,0,1,1
295,6146,0,4,4
296,6149,0,1,1
297,6162,0,1,1
298,6163,0,2,2
299,6178,0,1,1
300,6179,0,1,1
301,6180,0,4,4
302,6181,0,1,1
303,6189,0,1,1
304,62,2,3,5
305,620,1,1,2
306,6201,0,1,1
307,6202,0,8,8
308,6208,0,1,1
309,6212,0,2,2
310,6213,0,1,1
311,6219,0,1,1
312,6220,0,7,7
313,6225,0,1,1
314,6227,0,8,8
315,6235,0,4,4
316,6238,0,3,3
317,6248,0,1,1
318,6250,0,5,5
319,6252,0,1,1
320,6253,0,3,3
321,6254,0,1,1
322,6256,0,6,6
323,6259,0,1,1
324,6262,0,27,27
325,6264,0,8,8
326,6265,0,1,1
327,6266,0,6,6
328,6267,0,2,2
329,6268,0,3,3
330,6269,0,3,3
331,6271,0,2,2
332,6282,0,1,1
333,6288,0,1,1
334,6289,0,22,22
335,63,1,4,5
336,6319,0,5,5
337,6329,0,4,4
338,6341,0,1,1
339,6349,0,9,9
340,6357,0,1,1
341,6359,0,29,29
342,6371,0,1,1
343,6377,0,1,1
344,6379,0,10,10
345,6391,0,2,2
346,64,3,2,5
347,64.25320000000001,0,1,1
348,64.3,0,1,1
349,6400,0,12,12
350,6409,0,1,1
351,6430,0,1,1
352,6431,0,1,1
353,65,3,1,4
354,66,3,4,7
355,6661,0,1,1
356,6662,0,1,1
357,67,3,2,5
358,68,1,3,4
359,6810,0,2,2
360,6811,1,0,1
361,6820,0,1,1
362,6823,2,0,2
363,6826,1,0,1
364,6851,2,1,3
365,6869,1,0,1
366,69,1,2,3
367,6940,0,1,1
368,6954,0,1,1
369,6961,1,1,2
370,7,474,577,1051
371,70,0,2,2
372,700,0,2,2
373,7014,0,1,1
374,7015,0,1,1
375,7019,0,1,1
376,7029,1,1,2
377,7030,3,3,6
378,7038,1,0,1
379,7058,0,1,1
380,7062,10,8,18
381,7080,0,1,1
382,7089,0,2,2
383,7094,1,0,1
384,7099,4,4,8
385,71,1,0,1
386,71694,1,0,1
387,7173,3,1,4
388,7176,1,0,1
389,7177,2,0,2
390,7178,1,0,1
391,7179,1,0,1
392,71831,1,0,1
393,71946,2,0,2
394,71947,1,0,1
395,72,1,2,3
396,720,1,0,1
397,7221,2,0,2
398,7231,1,0,1
399,7235,1,0,1
400,7242,4,2,6
401,7243,0,1,1
402,7245,1,1,2
403,7249,0,1,1
404,727,0,1,1
405,72704,0,1,1
406,72707,1,0,1
407,72709,0,1,1
408,72726,1,0,1
409,72743,0,2,2
410,72744,1,1,2
411,72747,0,1,1
412,7286,1,0,1
413,72955,0,1,1
414,72957,0,1,1
415,7298,0,1,1
416,72984,1,0,1
417,73,2,0,2
418,7301,1,0,1
419,7309,0,1,1
420,73381,1,0,1
421,7339,0,1,1
422,73399,1,0,1
423,7354,0,2,2
424,7355,0,1,1
425,7359,0,2,2
426,736,0,1,1
427,7380,3,0,3
428,739,0,1,1
429,74,0,2,2
430,741,0,1,1
431,742,1,0,1
432,7443,0,1,1
433,748,0,1,1
434,75,2,3,5
435,750,25,19,44
436,75250,1,0,1
437,756,0,1,1
438,759,1,0,1
439,75922,0,1,1
440,76,2,0,2
441,763,0,1,1
442,77,1,1,2
443,770,0,1,1
444,771,1,0,1
445,775,0,1,1
446,780,0,2,2
447,7807,0,1,1
448,7822,1,1,2
449,7840,6,3,9
450,7847,1,0,1
451,7849,0,1,1
452,7856,2,2,4
453,7860,4,0,4
454,7865,9,1,10
455,7870,0,1,1
456,7871,0,1,1
457,7872,2,0,2
458,788,1,0,1
459,7880,3,0,3
460,7881,1,0,1
461,7882,1,0,1
462,7883,0,4,4
463,7884,3,1,4
464,7889,0,1,1
465,78898,1,0,1
466,7890,7,16,23
467,78909,5,14,19
468,7893,0,1,1
469,79,2,2,4
470,790,1,0,1
471,7939,0,1,1
472,7948,1,0,1
473,795,1,0,1
474,7950,0,2,2
475,796,0,1,1
476,798,1,1,2
477,799,1,0,1
478,7999,4,1,5
479,79993,1,0,1
480,8,445,540,985
481,800,1138,1008,2146
482,8001,0,1,1
483,801,0,1,1
484,8010,0,2,2
485,8020,8,3,11
486,803,1,1,2
487,8030,1,0,1
488,805,0,1,1
489,8050,1,0,1
490,807,2,0,2
491,8070,0,4,4
492,8072,1,1,2
493,8077,0,3,3
494,808,1,0,1
495,8081,0,1,1
496,8090,8,6,14
497,81,0,1,1
498,8130,1,0,1
499,814,0,1,1
500,8140,4,1,5
501,8160,1,0,1
502,818,1,0,1
503,819,0,2,2
504,82,1,1,2
505,820,0,1,1
506,8208,1,0,1
507,8220,1,0,1
508,823,0,1,1
509,8230,2,2,4
510,8232,1,0,1
511,824,1,0,1
512,8240,2,1,3
513,8242,0,1,1
514,8245,0,1,1
515,8248,1,1,2
516,825,2,0,2
517,8250,1,0,1
518,8260,0,1,1
519,827,1,0,1
520,829,1,0,1
521,83,0,1,1
522,831,1,0,1
523,832,0,1,1
524,836,0,1,1
525,8362,1,0,1
526,8363,1,0,1
527,838,1,1,2
528,8380,0,3,3
529,8390,0,1,1
530,84,0,2,2
531,842,1,0,1
532,8421,1,0,1
533,843,0,1,1
534,844,1,1,2
535,8442,1,0,1
536,845,2583,2806,5389
537,8450,0,1,1
538,847,0,2,2
539,8480,0,1,1
540,849,1,1,2
541,85,0,1,1
542,850,171,164,335
543,8500,0,9,9
544,8509,1,0,1
545,851,1,3,4
546,852,2,0,2
547,8520,0,1,1
548,853,1,1,2
549,854,1,1,2
550,8540,4,1,5
551,855,0,2,2
552,856,1,3,4
553,857,3,1,4
554,858,2,2,4
555,859,3,2,5
556,86,1,0,1
557,860,5,2,7
558,8600,1,0,1
559,861,3,5,8
560,862,2,4,6
561,863,1,5,6
562,864,4,4,8
563,865,4,5,9
564,866,2,3,5
565,8660,1,0,1
566,867,3,5,8
567,868,6,11,17
568,869,5,5,10
569,870,10,6,16
570,871,6,5,11
571,872,5,9,14
572,8720,1,0,1
573,873,7,7,14
574,8730,1,0,1
575,8734,1,0,1
576,874,12,9,21
577,8743,0,1,1
578,8744,1,0,1
579,875,11,4,15
580,876,3,7,10
581,877,8,9,17
582,878,10,8,18
583,8780,1,0,1
584,879,8,8,16
585,88,2,0,2
586,880,12,13,25
587,881,6,6,12
588,8810,1,0,1
589,882,2,6,8
590,883,7,8,15
591,8832,3,1,4
592,884,12,8,20
593,885,13,7,20
594,8851,1,0,1
595,886,10,6,16
596,887,8,4,12
597,888,6,4,10
598,889,11,10,21
599,890,4,12,16
600,891,8,5,13
601,892,10,5,15
602,893,5,5,10
603,894,3,7,10
604,895,7,11,18
605,896,3,6,9
606,897,4,5,9
607,898,5,3,8
608,899,3,3,6
609,9,395,455,850
610,90,1,0,1
611,900,4,7,11
612,901,3,2,5
613,902,1,1,2
614,903,5,4,9
615,904,3,4,7
616,905,1,4,5
617,9050,0,1,1
618,9057,3,0,3
619,906,0,4,4
620,9062,1,0,1
621,907,1,1,2
622,908,2,2,4
623,909,1,3,4
624,9093,1,0,1
625,91,0,1,1
626,910,3,2,5
627,911,1,2,3
628,913,0,1,1
629,915,1,0,1
630,916,0,1,1
631,917,2,0,2
632,919,1,0,1
633,92,0,2,2
634,920,0,1,1
635,921,2,0,2
636,923,1,0,1
637,926,0,1,1
638,93,1,0,1
639,9331,1,0,1
640,9351,1,0,1
641,94,0,2,2
642,9440,1,0,1
643,95,0,2,2
644,96,1,0,1
645,9654,0,1,1
646,9658,0,1,1
647,97,0,1,1
648,9711,1,0,1
649,9760,0,1,1
650,982,1,0,1
651,986,1,0,1
652,99,1,0,1
653,9951,1,0,1
654,9963,0,1,1
655,9966,1,0,1
656,9976,1,0,1
657,9981,1,1,2
658,9983,0,1,1
659,9985,1,2,3
660,A009,0,3,3
661,A010,3,1,4
662,A014,1,0,1
663,A020,34,32,66
664,A021,7,1,8
665,A022,1,2,3
666,A028,1,0,1
667,A029,4,7,11
668,A031,1,0,1
669,A033,1,1,2
670,A034,2,1,3
671,A038,1,0,1
672,A039,4,4,8
673,A040,1,0,1
674,A041,1,0,1
675,A043,1,0,1
676,A044,6,20,26
677,A045,225,153,378
678,A047,316,328,644
679,A048,497,725,1222
680,A049,9,17,26
681,A054,0,2,2
682,A058,0,4,4
683,A059,8,6,14
684,A060,2,2,4
685,A061,1,2,3
686,A064,3,2,5
687,A069,2,0,2
688,A071,25,11,36
689,A072,5,5,10
690,A078,0,2,2
691,A079,1,0,1
692,A080,3,6,9
693,A081,72,37,109
694,A082,1,0,1
695,A083,14,10,24
696,A084,300,411,711
697,A085,4,4,8
698,A09,184,233,417
699,A090,107,109,216
700,A099,2724,3634,6358
701,A107,1,1,2
702,A150,7,2,9
703,A151,2,1,3
704,A152,8,2,10
705,A153,3,1,4
706,A155,0,1,1
707,A156,2,1,3
708,A157,0,1,1
709,A159,1,0,1
710,A160,2,0,2
711,A161,0,1,1
712,A162,18,12,30
713,A163,1,0,1
714,A165,5,1,6
715,A169,19,12,31
716,A170,5,0,5
717,A172,0,1,1
718,A178,1,3,4
719,A180,2,5,7
720,A181,7,3,10
721,A182,4,1,5
722,A183,1,2,3
723,A184,1,0,1
724,A185,0,1,1
725,A187,0,2,2
726,A188,1,1,2
727,A192,0,1,1
728,A199,1,2,3
729,A202,1,0,1
730,A203,0,1,1
731,A209,0,1,1
732,A227,1,0,1
733,A244,1,0,1
734,A260,1,0,1
735,A263,1,1,2
736,A279,8,1,9
737,A280,6,7,13
738,A281,1,1,2
739,A288,1,0,1
740,A310,13,12,25
741,A311,2,0,2
742,A318,4,4,8
743,A319,7,8,15
744,A321,3,0,3
745,A327,1,2,3
746,A329,2,0,2
747,A363,3,2,5
748,A368,2,1,3
749,A369,0,1,1
750,A370,2,0,2
751,A38,1,3,4
752,A384,0,1,1
753,A385,0,1,1
754,A388,0,1,1
755,A390,10,17,27
756,A392,2,1,3
757,A394,9,12,21
758,A398,3,2,5
759,A400,19,22,41
760,A401,16,8,24
761,A402,9,3,12
762,A403,35,24,59
763,A408,69,27,96
764,A409,29,17,46
765,A410,157,75,232
766,A411,86,71,157
767,A412,38,22,60
768,A413,3,6,9
769,A414,12,6,18
770,A415,389,279,668
771,A418,118,67,185
772,A419,1825,1555,3380
773,A421,0,3,3
774,A422,1,0,1
775,A427,0,1,1
776,A428,3,3,6
777,A429,2,5,7
778,A431,0,1,1
779,A432,0,1,1
780,A444,1,0,1
781,A445,0,1,1
782,A46,44,61,105
783,A480,1,0,1
784,A481,41,10,51
785,A482,1,0,1
786,A483,1,5,6
787,A486,0,1,1
788,A487,1,3,4
789,A488,11,9,20
790,A490,185,120,305
791,A491,47,50,97
792,A492,13,11,24
793,A493,0,4,4
794,A498,143,95,238
795,A499,66,41,107
796,A511,1,0,1
797,A514,2,0,2
798,A518,1,0,1
799,A521,38,53,91
800,A522,35,46,81
801,A523,2,1,3
802,A527,1,0,1
803,A528,10,15,25
804,A529,2,2,4
805,A538,1,0,1
806,A539,1,0,1
807,A542,6,1,7
808,A544,1,0,1
809,A548,2,1,3
810,A551,0,1,1
811,A552,0,3,3
812,A553,2,0,2
813,A558,9,25,34
814,A559,80,110,190
815,A560,0,3,3
816,A571,4,0,4
817,A572,0,1,1
818,A573,3,3,6
819,A574,2,4,6
820,A575,2,1,3
821,A577,48,53,101
822,A578,5,5,10
823,A58,1,0,1
824,A590,0,1,1
825,A592,1,0,1
826,A599,1,0,1
827,A600,5,18,23
828,A601,0,1,1
829,A603,0,2,2
830,A604,0,1,1
831,A605,0,1,1
832,A606,1,6,7
833,A608,0,1,1
834,A611,17,67,84
835,A614,1,0,1
836,A622,1,0,1
837,A623,1,0,1
838,A624,6,5,11
839,A630,45,114,159
840,A638,1,11,12
841,A64,1,0,1
842,A642,11,9,20
843,A649,1,0,1
844,A651,141,288,429
845,A652,1,1,2
846,A658,0,2,2
847,A661,1,2,3
848,A666,1,0,1
849,A671,15,12,27
850,A673,0,1,1
851,A678,1,2,3
852,A681,1,2,3
853,A683,0,1,1
854,A684,6,1,7
855,A689,1,3,4
856,A692,14,13,27
857,A698,2,0,2
858,A699,20,6,26
859,A70,4,1,5
860,A703,0,1,1
861,A704,0,2,2
862,A706,1,2,3
863,A707,1,0,1
864,A708,3,10,13
865,A711,0,1,1
866,A719,0,1,1
867,A731,4,3,7
868,A733,10,2,12
869,A734,0,1,1
870,A735,16,31,47
871,A736,0,1,1
872,A738,0,1,1
873,A749,0,1,1
874,A752,1,0,1
875,A753,1,1,2
876,A759,0,1,1
877,A762,1,0,1
878,A763,1,1,2
879,A769,1,0,1
880,A773,1,0,1
881,A779,1,3,4
882,A78,1,0,1
883,A783,1,0,1
884,A789,0,1,1
885,A798,0,2,2
886,A803,1,1,2
887,A809,4,8,12
888,A810,7,10,17
889,A811,1,2,3
890,A812,10,5,15
891,A818,2,6,8
892,A819,1,0,1
893,A821,1,0,1
894,A838,1,2,3
895,A839,1,0,1
896,A841,7,7,14
897,A842,7,8,15
898,A843,4,5,9
899,A844,2,4,6
900,A845,1,0,1
901,A847,30,14,44
902,A848,0,3,3
903,A849,1,0,1
904,A850,2,0,2
905,A858,1,2,3
906,A86,34,21,55
907,A870,1,4,5
908,A872,4,3,7
909,A878,0,2,2
910,A879,41,75,116
911,A881,1,0,1
912,A89,1,1,2
913,A90,3,1,4
914,A920,0,1,1
915,A921,1,0,1
916,A938,1,0,1
917,A94,1,0,1
918,B000,3,3,6
919,B001,37,36,73
920,B002,14,5,19
921,B003,1,4,5
922,B004,21,12,33
923,B005,13,28,41
924,B008,7,5,12
925,B009,30,37,67
926,B010,0,4,4
927,B011,2,1,3
928,B012,2,5,7
929,B018,2,5,7
930,B019,22,14,36
931,B020,5,3,8
932,B021,2,4,6
933,B022,48,40,88
934,B023,35,25,60
935,B027,2,1,3
936,B028,5,7,12
937,B029,132,181,313
938,B041,6,1,7
939,B059,1,1,2
940,B07,281,364,645
941,B080,1,0,1
942,B081,37,50,87
943,B082,0,3,3
944,B083,7,32,39
945,B084,4,29,33
946,B085,0,3,3
947,B086,1,3,4
948,B088,0,1,1
949,B089,0,1,1
950,B09,2,2,4
951,B101,0,2,2
952,B122,0,3,3
953,B124,0,1,1
954,B128,0,2,2
955,B142,0,1,1
956,B144,3,5,8
957,B145,1,1,2
958,B149,9,12,21
959,B159,24,33,57
960,B160,0,1,1
961,B163,0,3,3
962,B169,44,14,58
963,B171,47,21,68
964,B172,6,4,10
965,B178,5,5,10
966,B179,9,10,19
967,B180,2,0,2
968,B181,62,22,84
969,B182,140,59,199
970,B188,4,3,7
971,B189,10,2,12
972,B199,11,20,31
973,B201,6,0,6
974,B202,2,0,2
975,B203,6,0,6
976,B204,2,0,2
977,B206,8,0,8
978,B207,2,0,2
979,B208,4,0,4
980,B210,3,0,3
981,B212,1,0,1
982,B218,1,0,1
983,B220,3,0,3
984,B221,1,0,1
985,B222,2,0,2
986,B223,3,2,5
987,B227,3,0,3
988,B230,3,0,3
989,B232,3,0,3
990,B238,11,1,12
991,B24,80,2,82
992,B250,3,6,9
993,B251,2,2,4
994,B258,8,6,14
995,B259,44,46,90
996,B260,2,0,2
997,B269,1,4,5
998,B270,11,9,20
999,B271,0,2,2
1000,B273,0,5,5
1001,B274,2,101,103
1002,B275,7,4,11
1003,B276,0,28,28
1004,B278,1,2,3
1005,B279,23,34,57
1006,B281,0,1,1
1007,B282,2,204,206
1008,B283,4,190,194
1009,B284,0,41,41
1010,B285,0,129,129
1011,B286,0,1,1
1012,B287,0,19,19
1013,B288,0,16,16
1014,B291,0,10,10
1015,B292,0,2,2
1016,B293,0,3,3
1017,B295,0,9,9
1018,B298,0,5,5
1019,B299,0,2,2
1020,B301,0,19,19
1021,B302,0,16,16
1022,B303,0,11,11
1023,B304,0,7,7
1024,B308,1,3,4
1025,B309,3,6,9
1026,B311,0,53,53
1027,B312,0,5,5
1028,B313,0,7,7
1029,B314,0,2,2
1030,B318,0,3,3
1031,B321,0,30,30
1032,B322,1,32,33
1033,B323,0,7,7
1034,B328,0,12,12
1035,B329,0,4,4
1036,B330,2,3,5
1037,B331,1,11,12
1038,B332,5,6,11
1039,B333,3,2,5
1040,B338,3,8,11
1041,B340,3,3,6
1042,B341,3,15,18
1043,B342,4,10,14
1044,B343,2,8,10
1045,B344,2,36,38
1046,B348,39,30,69
1047,B349,604,876,1480
1048,B351,49,26,75
1049,B352,2,2,4
1050,B353,94,41,135
1051,B354,7,11,18
1052,B355,0,5,5
1053,B356,14,9,23
1054,B358,1,3,4
1055,B359,7,2,9
1056,B360,2,1,3
1057,B361,0,15,15
1058,B364,0,9,9
1059,B368,1,1,2
1060,B369,24,20,44
1061,B370,450,572,1022
1062,B371,22,50,72
1063,B372,14,23,37
1064,B373,0,187,187
1065,B374,38,15,53
1066,B375,0,9,9
1067,B377,13,11,24
1068,B378,403,452,855
1069,B379,127,137,264
1070,B390,2,1,3
1071,B391,0,1,1
1072,B393,0,8,8
1073,B399,0,2,2
1074,B408,1,0,1
1075,B440,4,1,5
1076,B441,57,55,112
1077,B447,1,0,1
1078,B448,3,8,11
1079,B449,36,36,72
1080,B450,1,0,1
1081,B451,1,1,2
1082,B459,1,0,1
1083,B479,5,4,9
1084,B487,0,3,3
1085,B49,57,49,106
1086,B508,0,4,4
1087,B509,19,13,32
1088,B518,0,1,1
1089,B519,5,2,7
1090,B529,1,0,1
1091,B530,0,1,1
1092,B538,0,1,1
1093,B54,6,7,13
1094,B550,1,0,1
1095,B551,3,0,3
1096,B552,0,1,1
1097,B559,0,1,1
1098,B573,0,1,1
1099,B580,0,3,3
1100,B582,1,0,1
1101,B588,1,0,1
1102,B589,2,4,6
1103,B59,39,19,58
1104,B601,0,3,3
1105,B650,1,0,1
1106,B651,0,1,1
1107,B652,1,0,1
1108,B653,1,0,1
1109,B658,1,0,1
1110,B659,1,0,1
1111,B663,0,1,1
1112,B670,0,1,1
1113,B679,2,1,3
1114,B769,2,2,4
1115,B779,0,2,2
1116,B787,0,1,1
1117,B80,43,49,92
1118,B820,8,8,16
1119,B829,3,3,6
1120,B832,0,2,2
1121,B838,1,0,1
1122,B839,2,5,7
1123,B850,1,1,2
1124,B86,8,6,14
1125,B870,0,1,1
1126,B871,1,0,1
1127,B879,1,1,2
1128,B880,4,2,6
1129,B881,0,1,1
1130,B888,0,1,1
1131,B889,2,0,2
1132,B89,1,2,3
1133,B901,0,1,1
1134,B902,2,0,2
1135,B908,0,2,2
1136,B909,4,3,7
1137,B91,47,64,111
1138,B941,2,3,5
1139,B942,0,1,1
1140,B948,16,20,36
1141,B949,6,6,12
1142,B950,85,66,151
1143,B951,103,142,245
1144,B952,84,55,139
1145,B953,72,57,129
1146,B954,420,246,666
1147,B955,141,94,235
1148,B956,1286,910,2196
1149,B957,299,205,504
1150,B958,112,108,220
1151,B960,7,4,11
1152,B961,237,177,414
1153,B962,1210,1760,2970
1154,B963,125,115,240
1155,B964,148,143,291
1156,B965,468,419,887
1157,B966,21,10,31
1158,B967,12,6,18
1159,B968,2259,2210,4469
1160,B970,3,2,5
1161,B971,7,4,11
1162,B972,4,2,6
1163,B973,2,0,2
1164,B974,15,12,27
1165,B975,0,1,1
1166,B976,1,1,2
1167,B977,6,243,249
1168,B978,86,138,224
1169,B980,553,570,1123
1170,B981,0,1,1
1171,B99,57,44,101
1172,C000,7,12,19
1173,C001,4,6,10
1174,C002,1,2,3
1175,C003,0,2,2
1176,C004,1,0,1
1177,C005,0,1,1
1178,C006,0,1,1
1179,C009,4,5,9
1180,C01,89,28,117
1181,C012,0,1,1
1182,C020,2,0,2
1183,C021,34,31,65
1184,C022,7,3,10
1185,C023,3,2,5
1186,C024,17,6,23
1187,C028,4,1,5
1188,C029,70,32,102
1189,C030,3,8,11
1190,C031,10,6,16
1191,C032,1,0,1
1192,C039,5,2,7
1193,C040,5,5,10
1194,C041,1,1,2
1195,C042,1,0,1
1196,C048,3,1,4
1197,C049,28,14,42
1198,C050,2,9,11
1199,C051,19,8,27
1200,C052,3,0,3
1201,C058,1,0,1
1202,C059,6,8,14
1203,C060,11,12,23
1204,C061,1,2,3
1205,C062,13,4,17
1206,C068,2,1,3
1207,C069,7,7,14
1208,C07,38,31,69
1209,C080,8,6,14
1210,C081,2,1,3
1211,C082,1,0,1
1212,C083,1,0,1
1213,C084,0,1,1
1214,C088,1,1,2
1215,C089,5,7,12
1216,C090,9,3,12
1217,C091,8,4,12
1218,C098,1,1,2
1219,C099,138,54,192
1220,C100,3,0,3
1221,C101,14,17,31
1222,C102,2,0,2
1223,C103,1,1,2
1224,C104,2,1,3
1225,C105,0,1,1
1226,C106,1,0,1
1227,C108,2,3,5
1228,C109,42,13,55
1229,C110,0,1,1
1230,C111,23,32,55
1231,C112,1,1,2
1232,C113,0,2,2
1233,C116,1,0,1
1234,C117,1,3,4
1235,C118,6,1,7
1236,C119,15,11,26
1237,C12,19,4,23
1238,C121,110,136,246
1239,C122,5,4,9
1240,C124,60,53,113
1241,C125,0,1,1
1242,C126,4,3,7
1243,C128,0,2,2
1244,C129,1,1,2
1245,C130,5,7,12
1246,C131,5,9,14
1247,C132,12,35,47
1248,C133,0,3,3
1249,C134,0,7,7
1250,C138,0,1,1
1251,C139,14,5,19
1252,C140,33,12,45
1253,C141,4,5,9
1254,C142,0,5,5
1255,C148,6,2,8
1256,C150,7,7,14
1257,C151,22,4,26
1258,C152,12,3,15
1259,C153,19,18,37
1260,C154,46,38,84
1261,C155,355,82,437
1262,C158,4,3,7
1263,C159,435,135,570
1264,C160,258,55,313
1265,C161,14,6,20
1266,C162,27,10,37
1267,C163,19,14,33
1268,C164,11,10,21
1269,C165,28,15,43
1270,C166,13,9,22
1271,C168,9,5,14
1272,C169,173,99,272
1273,C170,32,36,68
1274,C171,15,9,24
1275,C172,42,27,69
1276,C173,1,2,3
1277,C178,2,0,2
1278,C179,37,29,66
1279,C180,305,277,582
1280,C181,44,64,108
1281,C182,215,204,419
1282,C183,77,57,134
1283,C184,125,121,246
1284,C185,79,54,133
1285,C186,103,71,174
1286,C187,660,467,1127
1287,C188,14,16,30
1288,C189,475,366,841
1289,C19,424,268,692
1290,C191,4,3,7
1291,C198,3,1,4
1292,C199,2,0,2
1293,C20,906,536,1442
1294,C210,32,74,106
1295,C211,32,57,89
1296,C218,7,17,24
1297,C220,118,42,160
1298,C221,91,94,185
1299,C222,13,12,25
1300,C223,1,2,3
1301,C224,5,4,9
1302,C226,6,4,10
1303,C227,1,3,4
1304,C228,1,2,3
1305,C229,65,39,104
1306,C23,27,42,69
1307,C240,37,24,61
1308,C241,30,29,59
1309,C248,3,2,5
1310,C249,19,15,34
1311,C250,148,131,279
1312,C251,26,34,60
1313,C252,39,30,69
1314,C253,33,26,59
1315,C254,12,9,21
1316,C257,10,8,18
1317,C258,11,4,15
1318,C259,258,219,477
1319,C260,75,53,128
1320,C261,2,1,3
1321,C268,3,1,4
1322,C269,12,16,28
1323,C271,3,3,6
1324,C272,0,3,3
1325,C273,3,5,8
1326,C275,1,1,2
1327,C291,0,1,1
1328,C292,6,20,26
1329,C293,0,8,8
1330,C295,0,1,1
1331,C298,0,6,6
1332,C300,17,18,35
1333,C301,0,3,3
1334,C310,6,3,9
1335,C311,5,3,8
1336,C312,1,3,4
1337,C313,0,1,1
1338,C315,1,1,2
1339,C316,1,2,3
1340,C318,2,1,3
1341,C319,3,4,7
1342,C320,102,8,110
1343,C321,42,13,55
1344,C322,4,2,6
1345,C323,4,3,7
1346,C324,2,1,3
1347,C326,2,0,2
1348,C328,2,0,2
1349,C329,71,8,79
1350,C33,7,2,9
1351,C332,2,1,3
1352,C334,1,0,1
1353,C336,1,0,1
1354,C337,0,1,1
1355,C340,76,65,141
1356,C341,483,472,955
1357,C342,55,42,97
1358,C343,262,246,508
1359,C348,9,6,15
1360,C349,834,651,1485
1361,C351,0,1,1
1362,C352,1,0,1
1363,C359,1,0,1
1364,C37,13,5,18
1365,C378,1,0,1
1366,C380,0,1,1
1367,C381,2,0,2
1368,C382,2,0,2
1369,C383,6,3,9
1370,C384,20,12,32
1371,C390,1,0,1
1372,C391,6,12,18
1373,C398,1,0,1
1374,C400,7,6,13
1375,C401,2,2,4
1376,C402,13,5,18
1377,C403,1,2,3
1378,C408,1,0,1
1379,C409,1,0,1
1380,C410,11,9,20
1381,C411,22,11,33
1382,C412,4,6,10
1383,C413,3,2,5
1384,C414,8,4,12
1385,C418,0,1,1
1386,C419,12,4,16
1387,C430,2,3,5
1388,C431,6,15,21
1389,C432,29,9,38
1390,C433,103,70,173
1391,C434,63,35,98
1392,C435,361,190,551
1393,C436,172,283,455
1394,C437,135,479,614
1395,C438,0,1,1
1396,C439,76,48,124
1397,C440,103,218,321
1398,C441,527,651,1178
1399,C442,702,111,813
1400,C443,2938,2650,5588
1401,C444,925,436,1361
1402,C445,1093,810,1903
1403,C446,713,455,1168
1404,C447,389,534,923
1405,C448,3,2,5
1406,C449,41,42,83
1407,C450,156,32,188
1408,C451,5,5,10
1409,C452,3,1,4
1410,C456,1,0,1
1411,C457,32,14,46
1412,C459,85,9,94
1413,C460,4,0,4
1414,C461,1,0,1
1415,C462,2,1,3
1416,C463,10,1,11
1417,C464,0,1,1
1418,C465,2,3,5
1419,C466,0,2,2
1420,C467,1,0,1
1421,C468,2,1,3
1422,C469,1,1,2
1423,C470,3,0,3
1424,C471,4,3,7
1425,C472,0,2,2
1426,C473,8,5,13
1427,C474,1,1,2
1428,C475,1,1,2
1429,C478,0,1,1
1430,C479,2,1,3
1431,C480,18,24,42
1432,C481,10,38,48
1433,C482,9,102,111
1434,C488,0,1,1
1435,C490,25,13,38
1436,C491,28,11,39
1437,C492,37,41,78
1438,C493,24,15,39
1439,C494,9,7,16
1440,C495,9,17,26
1441,C496,6,8,14
1442,C498,0,1,1
1443,C499,18,20,38
1444,C500,5,112,117
1445,C501,5,334,339
1446,C502,0,567,567
1447,C503,2,317,319
1448,C504,7,1851,1858
1449,C505,0,347,347
1450,C506,0,33,33
1451,C508,1,460,461
1452,C509,52,6545,6597
1453,C510,0,10,10
1454,C511,3,5,8
1455,C518,1,1,2
1456,C519,0,85,85
1457,C52,0,34,34
1458,C522,1,0,1
1459,C530,0,30,30
1460,C531,0,2,2
1461,C534,0,1,1
1462,C538,0,3,3
1463,C539,0,188,188
1464,C540,0,3,3
1465,C541,1,1081,1082
1466,C542,0,5,5
1467,C543,0,3,3
1468,C544,10,3,13
1469,C545,4,0,4
1470,C546,2,2,4
1471,C548,0,2,2
1472,C549,2,37,39
1473,C55,0,105,105
1474,C553,1,1,2
1475,C56,3,854,857
1476,C570,0,46,46
1477,C571,0,3,3
1478,C574,1,3,4
1479,C577,0,5,5
1480,C578,0,10,10
1481,C579,0,16,16
1482,C58,0,1,1
1483,C591,0,1,1
1484,C600,12,0,12
1485,C601,29,17,46
1486,C602,3,0,3
1487,C604,0,1,1
1488,C605,0,2,2
1489,C606,1,1,2
1490,C608,2,2,4
1491,C609,37,0,37
1492,C61,5800,5,5805
1493,C611,3,4,7
1494,C612,2,3,5
1495,C620,1,0,1
1496,C621,24,0,24
1497,C623,7,17,24
1498,C629,205,1,206
1499,C631,1,0,1
1500,C632,9,0,9
1501,C637,2,0,2
1502,C639,1,0,1
1503,C64,645,359,1004
1504,C644,0,1,1
1505,C65,46,23,69
1506,C651,1,3,4
1507,C653,6,1,7
1508,C654,0,1,1
1509,C658,0,2,2
1510,C66,64,28,92
1511,C663,2,0,2
1512,C664,2,1,3
1513,C670,29,6,35
1514,C671,62,22,84
1515,C672,157,56,213
1516,C673,51,18,69
1517,C674,119,35,154
1518,C675,79,12,91
1519,C676,72,41,113
1520,C677,1,1,2
1521,C678,38,8,46
1522,C679,1390,432,1822
1523,C680,24,2,26
1524,C688,3,0,3
1525,C689,9,4,13
1526,C690,8,7,15
1527,C691,2,0,2
1528,C692,3,4,7
1529,C693,52,42,94
1530,C694,7,8,15
1531,C695,2,0,2
1532,C696,9,4,13
1533,C698,2,0,2
1534,C699,20,20,40
1535,C700,6,10,16
1536,C701,3,0,3
1537,C709,2,1,3
1538,C710,26,19,45
1539,C711,90,72,162
1540,C712,98,61,159
1541,C713,46,26,72
1542,C714,16,8,24
1543,C715,2,5,7
1544,C716,7,1,8
1545,C717,6,5,11
1546,C718,25,12,37
1547,C719,141,114,255
1548,C720,10,9,19
1549,C721,1,1,2
1550,C722,2,1,3
1551,C724,0,1,1
1552,C725,2,0,2
1553,C728,1,0,1
1554,C729,1,3,4
1555,C73,93,218,311
1556,C733,31,44,75
1557,C734,0,8,8
1558,C738,1,0,1
1559,C740,4,5,9
1560,C741,6,5,11
1561,C743,0,1,1
1562,C749,17,12,29
1563,C750,3,3,6
1564,C751,505,541,1046
1565,C752,3,3,6
1566,C753,2,0,2
1567,C754,3,2,5
1568,C755,3,4,7
1569,C758,1,2,3
1570,C759,12,10,22
1571,C760,19,14,33
1572,C761,6,12,18
1573,C762,10,4,14
1574,C763,6,17,23
1575,C764,2,3,5
1576,C765,2,2,4
1577,C767,3,1,4
1578,C768,0,2,2
1579,C770,436,321,757
1580,C771,542,417,959
1581,C772,841,650,1491
1582,C773,110,1977,2087
1583,C774,97,98,195
1584,C775,211,168,379
1585,C778,66,71,137
1586,C779,234,237,471
1587,C780,1044,1008,2052
1588,C781,32,55,87
1589,C782,226,396,622
1590,C783,11,5,16
1591,C784,31,46,77
1592,C785,57,98,155
1593,C786,506,930,1436
1594,C787,1452,1449,2901
1595,C788,120,136,256
1596,C790,64,47,111
1597,C791,39,35,74
1598,C792,190,169,359
1599,C793,388,485,873
1600,C794,33,51,84
1601,C795,1311,1097,2408
1602,C796,0,110,110
1603,C797,202,142,344
1604,C798,300,429,729
1605,C799,190,173,363
1606,C80,316,307,623
1607,C800,167,204,371
1608,C801,3,0,3
1609,C802,1,6,7
1610,C809,169,168,337
1611,C810,11,6,17
1612,C811,33,23,56
1613,C812,21,15,36
1614,C813,1,0,1
1615,C814,1,0,1
1616,C817,7,7,14
1617,C818,1,2,3
1618,C819,86,72,158
1619,C820,13,24,37
1620,C821,28,45,73
1621,C822,19,19,38
1622,C823,19,13,32
1623,C824,4,11,15
1624,C825,3,2,5
1625,C826,8,8,16
1626,C827,20,26,46
1627,C828,1,1,2
1628,C829,157,159,316
1629,C830,84,51,135
1630,C831,39,22,61
1631,C832,0,4,4
1632,C833,356,251,607
1633,C834,2,1,3
1634,C835,7,1,8
1635,C837,20,3,23
1636,C838,48,32,80
1637,C839,23,19,42
1638,C840,11,11,22
1639,C841,0,5,5
1640,C844,38,22,60
1641,C845,29,16,45
1642,C846,0,2,2
1643,C847,3,3,6
1644,C848,11,9,20
1645,C849,4,1,5
1646,C850,1,3,4
1647,C851,246,155,401
1648,C852,4,8,12
1649,C855,5,2,7
1650,C857,34,36,70
1651,C858,4,4,8
1652,C859,492,395,887
1653,C860,3,1,4
1654,C862,1,2,3
1655,C864,1,0,1
1656,C865,27,17,44
1657,C866,0,1,1
1658,C867,0,1,1
1659,C868,1,0,1
1660,C873,4,5,9
1661,C880,46,30,76
1662,C883,1,1,2
1663,C884,16,19,35
1664,C889,0,2,2
1665,C891,1,2,3
1666,C892,1,1,2
1667,C893,1,1,2
1668,C900,339,235,574
1669,C901,9,7,16
1670,C902,39,13,52
1671,C903,25,7,32
1672,C910,26,29,55
1673,C911,330,173,503
1674,C912,1,0,1
1675,C913,4,1,5
1676,C914,34,16,50
1677,C915,8,9,17
1678,C916,2,0,2
1679,C917,4,1,5
1680,C919,24,7,31
1681,C920,176,129,305
1682,C921,67,62,129
1683,C922,2,3,5
1684,C923,1,0,1
1685,C924,4,16,20
1686,C925,4,4,8
1687,C926,0,2,2
1688,C927,8,2,10
1689,C928,2,1,3
1690,C929,10,6,16
1691,C930,6,1,7
1692,C931,26,13,39
1693,C940,2,1,3
1694,C942,2,1,3
1695,C944,4,5,9
1696,C945,1,3,4
1697,C946,5,2,7
1698,C947,1,1,2
1699,C950,6,3,9
1700,C951,7,4,11
1701,C959,20,15,35
1702,C961,2,0,2
1703,C962,1,1,2
1704,C964,1,1,2
1705,C966,1,2,3
1706,C967,1,0,1
1707,C968,1,2,3
1708,C969,0,1,1
1709,C97,123,95,218
1710,D000,22,12,34
1711,D001,16,4,20
1712,D002,2,0,2
1713,D010,8,10,18
1714,D011,0,3,3
1715,D012,14,2,16
1716,D013,10,23,33
1717,D015,4,1,5
1718,D017,1,0,1
1719,D018,0,1,1
1720,D019,0,1,1
1721,D020,44,6,50
1722,D021,83,14,97
1723,D022,10,3,13
1724,D023,2,0,2
1725,D028,3,1,4
1726,D030,1,2,3
1727,D031,7,8,15
1728,D032,24,2,26
1729,D033,133,128,261
1730,D034,31,19,50
1731,D035,83,51,134
1732,D036,50,88,138
1733,D037,23,101,124
1734,D038,6,4,10
1735,D039,2,2,4
1736,D040,4,6,10
1737,D041,9,10,19
1738,D042,35,4,39
1739,D043,105,95,200
1740,D044,55,18,73
1741,D045,56,51,107
1742,D046,73,59,132
1743,D047,46,128,174
1744,D048,3,0,3
1745,D049,6,19,25
1746,D050,0,103,103
1747,D051,2,1082,1084
1748,D057,1,30,31
1749,D059,1,802,803
1750,D060,1,14,15
1751,D061,9,8,17
1752,D062,2,4,6
1753,D063,4,1,5
1754,D067,0,1,1
1755,D068,2,0,2
1756,D069,0,430,430
1757,D070,0,6,6
1758,D071,1,98,99
1759,D072,2,31,33
1760,D073,0,9,9
1761,D074,32,0,32
1762,D075,297,0,297
1763,D076,2,0,2
1764,D081,5,1,6
1765,D083,0,1,1
1766,D090,162,29,191
1767,D091,19,2,21
1768,D092,0,1,1
1769,D093,2,1,3
1770,D097,0,5,5
1771,D099,2,6,8
1772,D100,25,25,50
1773,D101,64,58,122
1774,D102,3,3,6
1775,D103,80,99,179
1776,D104,11,2,13
1777,D105,9,9,18
1778,D106,3,6,9
1779,D109,11,7,18
1780,D110,138,202,340
1781,D117,11,26,37
1782,D119,24,18,42
1783,D120,1124,717,1841
1784,D121,23,27,50
1785,D122,1235,775,2010
1786,D123,1752,880,2632
1787,D124,1049,487,1536
1788,D125,2950,1987,4937
1789,D126,1226,804,2030
1790,D127,208,169,377
1791,D128,1847,1233,3080
1792,D129,59,39,98
1793,D130,53,36,89
1794,D131,277,502,779
1795,D132,80,84,164
1796,D133,18,17,35
1797,D134,17,19,36
1798,D135,24,32,56
1799,D136,8,22,30
1800,D137,5,5,10
1801,D139,11,8,19
1802,D140,78,49,127
1803,D141,61,21,82
1804,D142,6,8,14
1805,D143,23,19,42
1806,D144,2,0,2
1807,D150,15,21,36
1808,D151,51,66,117
1809,D152,7,9,16
1810,D153,4,3,7
1811,D157,2,0,2
1812,D158,1,0,1
1813,D159,0,1,1
1814,D160,8,9,17
1815,D161,12,26,38
1816,D162,19,17,36
1817,D163,19,28,47
1818,D164,23,41,64
1819,D165,10,19,29
1820,D166,4,5,9
1821,D167,3,3,6
1822,D168,3,7,10
1823,D169,8,6,14
1824,D170,530,244,774
1825,D171,852,910,1762
1826,D172,575,776,1351
1827,D173,153,176,329
1828,D174,4,7,11
1829,D175,102,108,210
1830,D176,753,2,755
1831,D177,128,154,282
1832,D178,1,0,1
1833,D179,127,134,261
1834,D180,598,700,1298
1835,D181,22,25,47
1836,D190,2,0,2
1837,D191,1,4,5
1838,D197,1,0,1
1839,D199,1,1,2
1840,D200,3,2,5
1841,D201,3,5,8
1842,D202,1,1,2
1843,D203,4,4,8
1844,D207,0,2,2
1845,D208,1,0,1
1846,D210,40,22,62
1847,D211,75,96,171
1848,D212,53,103,156
1849,D213,2,7,9
1850,D214,4,9,13
1851,D215,4,26,30
1852,D216,2,6,8
1853,D219,6,19,25
1854,D220,40,99,139
1855,D221,53,152,205
1856,D222,35,50,85
1857,D223,393,1034,1427
1858,D224,129,204,333
1859,D225,526,703,1229
1860,D226,143,307,450
1861,D227,148,388,536
1862,D229,15,46,61
1863,D230,36,46,82
1864,D231,482,532,1014
1865,D232,44,66,110
1866,D233,228,390,618
1867,D234,115,153,268
1868,D235,234,328,562
1869,D236,177,260,437
1870,D237,181,338,519
1871,D239,45,49,94
1872,D24,12,1150,1162
1873,D248,1,0,1
1874,D250,0,1011,1011
1875,D251,0,768,768
1876,D252,0,555,555
1877,D259,0,6511,6511
1878,D260,0,104,104
1879,D261,0,116,116
1880,D267,0,5,5
1881,D268,0,1,1
1882,D269,0,62,62
1883,D27,0,1238,1238
1884,D280,0,98,98
1885,D281,1,29,30
1886,D282,2,56,58
1887,D287,0,5,5
1888,D288,1,1,2
1889,D289,0,2,2
1890,D290,22,0,22
1891,D291,72,1,73
1892,D292,10,0,10
1893,D293,8,0,8
1894,D294,18,0,18
1895,D297,1,0,1
1896,D299,1,0,1
1897,D300,41,29,70
1898,D301,2,1,3
1899,D302,2,1,3
1900,D303,59,25,84
1901,D304,6,2,8
1902,D310,19,16,35
1903,D311,2,0,2
1904,D312,1,7,8
1905,D313,23,26,49
1906,D314,3,6,9
1907,D315,1,2,3
1908,D316,3,2,5
1909,D319,0,3,3
1910,D320,79,258,337
1911,D321,5,28,33
1912,D329,46,121,167
1913,D330,11,13,24
1914,D331,0,1,1
1915,D332,16,27,43
1916,D333,130,122,252
1917,D334,8,11,19
1918,D339,0,1,1
1919,D34,38,191,229
1920,D350,88,105,193
1921,D351,80,280,360
1922,D352,152,138,290
1923,D353,2,0,2
1924,D354,0,1,1
1925,D355,1,3,4
1926,D356,1,3,4
1927,D357,1,0,1
1928,D359,1,3,4
1929,D360,12,20,32
1930,D361,201,244,445
1931,D367,59,78,137
1932,D369,6,4,10
1933,D370,46,39,85
1934,D371,46,55,101
1935,D372,35,23,58
1936,D373,11,19,30
1937,D374,176,167,343
1938,D375,153,114,267
1939,D376,24,37,61
1940,D377,92,71,163
1941,D379,38,21,59
1942,D380,14,5,19
1943,D381,68,53,121
1944,D382,3,3,6
1945,D383,6,4,10
1946,D384,3,1,4
1947,D385,12,6,18
1948,D390,0,21,21
1949,D391,0,118,118
1950,D392,0,1,1
1951,D397,0,13,13
1952,D400,42,0,42
1953,D401,40,0,40
1954,D407,10,0,10
1955,D409,1,0,1
1956,D410,84,49,133
1957,D411,10,0,10
1958,D412,14,5,19
1959,D413,5,0,5
1960,D414,413,158,571
1961,D417,0,1,1
1962,D419,2,0,2
1963,D420,0,4,4
1964,D421,2,1,3
1965,D429,2,7,9
1966,D430,21,19,40
1967,D431,6,11,17
1968,D432,63,53,116
1969,D433,2,1,3
1970,D434,10,9,19
1971,D437,0,2,2
1972,D440,7,20,27
1973,D441,10,13,23
1974,D442,2,5,7
1975,D443,28,14,42
1976,D444,14,11,25
1977,D445,2,2,4
1978,D446,2,11,13
1979,D447,10,11,21
1980,D448,7,11,18
1981,D449,6,5,11
1982,D45,251,104,355
1983,D460,0,3,3
1984,D461,10,6,16
1985,D462,28,9,37
1986,D463,1,0,1
1987,D464,5,8,13
1988,D465,14,3,17
1989,D466,0,3,3
1990,D467,9,6,15
1991,D469,155,95,250
1992,D470,4,6,10
1993,D471,83,64,147
1994,D472,137,87,224
1995,D473,90,108,198
1996,D474,40,25,65
1997,D475,1,0,1
1998,D477,5,4,9
1999,D479,21,11,32
2000,D480,47,34,81
2001,D481,103,119,222
2002,D482,10,6,16
2003,D483,1,4,5
2004,D484,6,7,13
2005,D485,69,86,155
2006,D486,3,90,93
2007,D487,28,47,75
2008,D489,8,11,19
2009,D500,131,296,427
2010,D501,0,8,8
2011,D508,1074,1316,2390
2012,D509,2361,3551,5912
2013,D510,237,491,728
2014,D513,2,8,10
2015,D518,2,3,5
2016,D519,60,100,160
2017,D520,2,0,2
2018,D528,2,0,2
2019,D529,103,89,192
2020,D530,1,2,3
2021,D531,5,5,10
2022,D539,20,23,43
2023,D552,1,0,1
2024,D559,0,1,1
2025,D560,2,0,2
2026,D561,8,9,17
2027,D562,1,0,1
2028,D563,13,9,22
2029,D568,0,1,1
2030,D569,4,4,8
2031,D571,4,9,13
2032,D573,3,5,8
2033,D578,0,1,1
2034,D580,13,23,36
2035,D581,2,3,5
2036,D582,12,4,16
2037,D588,1,0,1
2038,D589,12,20,32
2039,D590,5,4,9
2040,D591,54,48,102
2041,D592,0,3,3
2042,D593,2,5,7
2043,D594,4,3,7
2044,D595,4,1,5
2045,D596,0,1,1
2046,D598,2,1,3
2047,D599,11,14,25
2048,D600,2,1,3
2049,D609,4,4,8
2050,D610,10,5,15
2051,D611,9,13,22
2052,D612,0,2,2
2053,D613,2,1,3
2054,D618,1,1,2
2055,D619,260,170,430
2056,D62,76,172,248
2057,D630,201,224,425
2058,D638,149,147,296
2059,D640,3,3,6
2060,D641,1,0,1
2061,D642,1,0,1
2062,D643,3,2,5
2063,D648,23,24,47
2064,D649,4873,6361,11234
2065,D65,24,10,34
2066,D66,30,24,54
2067,D67,7,4,11
2068,D680,32,55,87
2069,D681,5,14,19
2070,D682,88,193,281
2071,D683,46,30,76
2072,D684,7,6,13
2073,D685,55,92,147
2074,D686,32,54,86
2075,D688,55,93,148
2076,D689,124,83,207
2077,D690,22,16,38
2078,D691,4,4,8
2079,D692,11,13,24
2080,D693,182,197,379
2081,D694,13,16,29
2082,D695,47,39,86
2083,D696,735,551,1286
2084,D698,1,8,9
2085,D699,33,34,67
2086,D70,1364,1823,3187
2087,D71,1,1,2
2088,D720,1,1,2
2089,D721,44,24,68
2090,D728,141,141,282
2091,D729,2,1,3
2092,D730,187,169,356
2093,D731,15,7,22
2094,D732,2,1,3
2095,D733,8,7,15
2096,D734,8,14,22
2097,D735,45,24,69
2098,D738,18,15,33
2099,D739,3,11,14
2100,D748,0,1,1
2101,D749,0,1,1
2102,D750,14,5,19
2103,D751,225,80,305
2104,D752,20,54,74
2105,D758,65,73,138
2106,D759,53,41,94
2107,D760,1,4,5
2108,D761,1,1,2
2109,D763,17,30,47
2110,D77,1,1,2
2111,D800,0,2,2
2112,D801,41,43,84
2113,D802,12,21,33
2114,D803,10,10,20
2115,D804,7,5,12
2116,D805,2,0,2
2117,D806,3,7,10
2118,D808,4,3,7
2119,D809,6,10,16
2120,D810,1,0,1
2121,D811,0,1,1
2122,D818,0,1,1
2123,D819,1,3,4
2124,D821,11,5,16
2125,D823,5,2,7
2126,D824,1,0,1
2127,D829,1,2,3
2128,D830,1,1,2
2129,D831,1,0,1
2130,D832,0,1,1
2131,D838,1,3,4
2132,D839,8,13,21
2133,D840,0,1,1
2134,D841,4,4,8
2135,D848,8,4,12
2136,D849,18,22,40
2137,D860,103,99,202
2138,D861,20,28,48
2139,D862,7,5,12
2140,D863,10,16,26
2141,D868,29,39,68
2142,D869,159,173,332
2143,D890,12,7,19
2144,D891,5,11,16
2145,D892,129,109,238
2146,D893,1,0,1
2147,D898,4,7,11
2148,D899,14,17,31
2149,E/W,157,309,466
2150,E011,1,1,2
2151,E018,0,4,4
2152,E019,1,0,1
2153,E02,13,22,35
2154,E022,2,5,7
2155,E023,0,1,1
2156,E024,2,2,4
2157,E025,0,1,1
2158,E026,5,7,12
2159,E027,0,3,3
2160,E028,4,7,11
2161,E030,2,16,18
2162,E031,31,17,48
2163,E032,16,27,43
2164,E033,6,4,10
2165,E034,4,2,6
2166,E035,0,1,1
2167,E036,152,68,220
2168,E038,20,57,77
2169,E039,2554,11080,13634
2170,E040,6,44,50
2171,E041,111,367,478
2172,E042,104,510,614
2173,E043,2,1,3
2174,E044,1,2,3
2175,E045,1,1,2
2176,E046,3,3,6
2177,E047,2,0,2
2178,E048,1,6,7
2179,E049,91,373,464
2180,E050,80,331,411
2181,E051,16,14,30
2182,E052,8,70,78
2183,E053,2,0,2
2184,E054,2,0,2
2185,E055,1,3,4
2186,E058,17,11,28
2187,E059,331,1030,1361
2188,E060,0,1,1
2189,E061,7,5,12
2190,E062,0,2,2
2191,E063,20,186,206
2192,E064,6,2,8
2193,E065,0,14,14
2194,E068,1,2,3
2195,E069,16,51,67
2196,E070,0,2,2
2197,E071,0,2,2
2198,E073,1,1,2
2199,E078,13,37,50
2200,E079,63,270,333
2201,E081,108,29,137
2202,E082,7,11,18
2203,E084,2,3,5
2204,E088,3,3,6
2205,E091,97,91,188
2206,E092,6,5,11
2207,E093,1,2,3
2208,E094,3,3,6
2209,E095,23,32,55
2210,E096,1,1,2
2211,E098,5,9,14
2212,E100,16,11,27
2213,E101,120,113,233
2214,E102,46,24,70
2215,E103,262,181,443
2216,E104,100,51,151
2217,E105,73,18,91
2218,E106,21,13,34
2219,E107,5,5,10
2220,E108,24,15,39
2221,E109,1395,978,2373
2222,E110,51,21,72
2223,E111,62,49,111
2224,E112,157,54,211
2225,E113,720,344,1064
2226,E114,351,137,488
2227,E115,258,58,316
2228,E116,62,31,93
2229,E117,5,0,5
2230,E118,28,22,50
2231,E119,10895,6689,17584
2232,E121,1,0,1
2233,E128,1,0,1
2234,E129,0,1,1
2235,E131,4,0,4
2236,E132,4,2,6
2237,E133,21,26,47
2238,E134,3,1,4
2239,E135,6,4,10
2240,E136,6,8,14
2241,E137,1,0,1
2242,E138,2,1,3
2243,E139,83,79,162
2244,E140,6,0,6
2245,E141,16,2,18
2246,E142,37,24,61
2247,E143,154,81,235
2248,E144,19,8,27
2249,E145,10,6,16
2250,E146,13,4,17
2251,E147,1,2,3
2252,E148,19,15,34
2253,E149,1277,798,2075
2254,E15,2,0,2
2255,E153,1,1,2
2256,E154,1,0,1
2257,E158,0,1,1
2258,E160,29,14,43
2259,E161,18,14,32
2260,E162,574,354,928
2261,E163,0,1,1
2262,E164,1,1,2
2263,E168,1,1,2
2264,E169,4,2,6
2265,E172,7,2,9
2266,E173,1,0,1
2267,E178,15,12,27
2268,E179,1,0,1
2269,E201,1,5,6
2270,E208,4,3,7
2271,E209,14,34,48
2272,E210,109,387,496
2273,E211,29,24,53
2274,E212,10,13,23
2275,E213,106,252,358
2276,E214,2,7,9
2277,E215,5,12,17
2278,E218,1,0,1
2279,E220,38,47,85
2280,E221,17,22,39
2281,E222,87,87,174
2282,E229,3,3,6
2283,E230,167,78,245
2284,E231,3,2,5
2285,E232,42,44,86
2286,E233,2,5,7
2287,E236,23,22,45
2288,E237,21,14,35
2289,E240,5,15,20
2290,E241,1,3,4
2291,E242,6,16,22
2292,E243,2,2,4
2293,E248,2,10,12
2294,E249,17,56,73
2295,E250,2,11,13
2296,E251,10,3,13
2297,E252,2,2,4
2298,E253,23,11,34
2299,E258,1,0,1
2300,E259,16,19,35
2301,E260,29,32,61
2302,E261,0,3,3
2303,E268,1,2,3
2304,E269,9,4,13
2305,E270,1,0,1
2306,E271,61,107,168
2307,E272,20,22,42
2308,E273,8,13,21
2309,E274,78,91,169
2310,E275,4,1,5
2311,E276,1,1,2
2312,E278,39,43,82
2313,E279,31,46,77
2314,E281,1,1,2
2315,E282,0,189,189
2316,E283,0,42,42
2317,E288,1,7,8
2318,E289,0,2,2
2319,E290,3,0,3
2320,E291,153,0,153
2321,E298,3,0,3
2322,E299,5,0,5
2323,E308,0,1,1
2324,E309,1,0,1
2325,E310,4,8,12
2326,E318,0,1,1
2327,E319,0,2,2
2328,E320,0,1,1
2329,E328,4,4,8
2330,E329,4,1,5
2331,E333,1,0,1
2332,E335,1,0,1
2333,E338,0,1,1
2334,E340,16,24,40
2335,E341,6,2,8
2336,E342,5,3,8
2337,E343,3,5,8
2338,E348,11,23,34
2339,E349,19,39,58
2340,E351,0,2,2
2341,E352,1,3,4
2342,E353,1,1,2
2343,E355,1,0,1
2344,E357,1,1,2
2345,E358,1,0,1
2346,E361,21,7,28
2347,E368,3,3,6
2348,E369,32,34,66
2349,E371,5,5,10
2350,E379,2,2,4
2351,E41,5,0,5
2352,E423,1,0,1
2353,E425,1,0,1
2354,E43,3,2,5
2355,E440,2,1,3
2356,E441,0,1,1
2357,E46,108,86,194
2358,E486,0,1,1
2359,E491,20,20,40
2360,E492,20,33,53
2361,E494,4,3,7
2362,E495,2,0,2
2363,E498,6,3,9
2364,E499,42,37,79
2365,E505,1,0,1
2366,E507,1,0,1
2367,E508,0,1,1
2368,E509,2,1,3
2369,E511,0,1,1
2370,E512,16,1,17
2371,E518,2,0,2
2372,E519,4,2,6
2373,E52,1,2,3
2374,E522,1,0,1
2375,E528,0,1,1
2376,E530,1,2,3
2377,E531,0,1,1
2378,E538,355,457,812
2379,E539,22,32,54
2380,E54,4,5,9
2381,E543,4,5,9
2382,E544,0,2,2
2383,E550,0,4,4
2384,E552,0,2,2
2385,E559,223,507,730
2386,E560,1,2,3
2387,E561,8,8,16
2388,E568,0,1,1
2389,E569,1,3,4
2390,E58,3,12,15
2391,E59,0,1,1
2392,E591,1,2,3
2393,E593,4,6,10
2394,E594,0,1,1
2395,E60,0,1,1
2396,E610,1,0,1
2397,E611,88,145,233
2398,E612,14,21,35
2399,E613,1,0,1
2400,E616,1,0,1
2401,E617,1,1,2
2402,E618,1,1,2
2403,E619,1,0,1
2404,E631,1,2,3
2405,E632,8,5,13
2406,E639,5,4,9
2407,E641,2,0,2
2408,E643,1,0,1
2409,E65,13,55,68
2410,E651,0,1,1
2411,E659,3,1,4
2412,E660,20,23,43
2413,E661,1,2,3
2414,E662,30,30,60
2415,E668,518,1014,1532
2416,E669,5384,6243,11627
2417,E670,1,0,1
2418,E671,0,1,1
2419,E68,1,0,1
2420,E700,1,0,1
2421,E701,0,1,1
2422,E702,0,2,2
2423,E703,6,7,13
2424,E708,2,0,2
2425,E709,1,0,1
2426,E711,0,1,1
2427,E713,2,1,3
2428,E720,2,2,4
2429,E721,4,3,7
2430,E722,3,1,4
2431,E724,0,1,1
2432,E725,3,1,4
2433,E738,2,3,5
2434,E739,25,77,102
2435,E740,7,3,10
2436,E742,0,2,2
2437,E743,25,25,50
2438,E744,0,1,1
2439,E748,4,2,6
2440,E752,4,2,6
2441,E754,0,1,1
2442,E755,7,6,13
2443,E756,0,2,2
2444,E760,0,1,1
2445,E762,0,2,2
2446,E778,4,5,9
2447,E780,19564,12481,32045
2448,E781,40,19,59
2449,E782,87,52,139
2450,E783,5,3,8
2451,E784,34,31,65
2452,E785,3158,1793,4951
2453,E786,17,5,22
2454,E788,67,43,110
2455,E789,159,82,241
2456,E790,7,7,14
2457,E798,2,0,2
2458,E800,0,2,2
2459,E801,7,8,15
2460,E802,6,12,18
2461,E804,249,105,354
2462,E806,13,7,20
2463,E807,0,4,4
2464,E830,4,0,4
2465,E831,434,215,649
2466,E832,1,4,5
2467,E833,161,102,263
2468,E834,275,267,542
2469,E835,592,631,1223
2470,E838,1,1,2
2471,E839,5,2,7
2472,E840,3,2,5
2473,E841,1,0,1
2474,E848,3,0,3
2475,E849,9,6,15
2476,E850,5,0,5
2477,E851,12,4,16
2478,E852,22,12,34
2479,E853,12,11,23
2480,E854,34,46,80
2481,E855,2,0,2
2482,E858,7,8,15
2483,E859,29,32,61
2484,E86,1755,1496,3251
2485,E870,206,106,312
2486,E871,1081,1181,2262
2487,E872,767,495,1262
2488,E873,82,78,160
2489,E874,0,4,4
2490,E875,742,406,1148
2491,E876,752,1003,1755
2492,E877,374,218,592
2493,E878,81,69,150
2494,E880,143,142,285
2495,E881,8,6,14
2496,E882,17,12,29
2497,E883,11,7,18
2498,E888,17,14,31
2499,E889,14,4,18
2500,E890,187,884,1071
2501,E891,5,4,9
2502,E892,33,74,107
2503,E893,43,38,81
2504,E894,0,18,18
2505,E895,5,0,5
2506,E896,10,19,29
2507,E898,2,4,6
2508,E899,1,4,5
2509,E913,2,1,3
2510,E932,2,0,2
2511,E939,1,0,1
2512,F000,16,19,35
2513,F001,13,6,19
2514,F002,50,21,71
2515,F009,159,157,316
2516,F010,2,1,3
2517,F011,5,5,10
2518,F012,2,0,2
2519,F013,5,1,6
2520,F018,2,1,3
2521,F019,199,102,301
2522,F020,32,20,52
2523,F021,54,57,111
2524,F022,2,6,8
2525,F023,59,21,80
2526,F024,1,0,1
2527,F028,53,23,76
2528,F03,421,321,742
2529,F04,2,2,4
2530,F050,54,36,90
2531,F051,43,30,73
2532,F053,1,3,4
2533,F058,52,40,92
2534,F059,516,321,837
2535,F06,1,0,1
2536,F060,1,1,2
2537,F062,20,22,42
2538,F063,4,4,8
2539,F064,0,2,2
2540,F066,0,1,1
2541,F067,134,104,238
2542,F068,7,5,12
2543,F069,9,9,18
2544,F070,10,3,13
2545,F071,0,1,1
2546,F072,14,17,31
2547,F079,3,2,5
2548,F09,3,8,11
2549,F091,68,70,138
2550,F092,2,11,13
2551,F093,45,50,95
2552,F094,24,31,55
2553,F095,42,40,82
2554,F098,0,1,1
2555,F099,0,1,1
2556,F10,10,1,11
2557,F100,1065,437,1502
2558,F101,2170,685,2855
2559,F102,1269,404,1673
2560,F103,487,135,622
2561,F104,93,29,122
2562,F105,23,7,30
2563,F106,23,6,29
2564,F107,16,2,18
2565,F108,10,3,13
2566,F109,59,56,115
2567,F110,5,3,8
2568,F111,14,6,20
2569,F112,46,18,64
2570,F113,10,8,18
2571,F115,10,12,22
2572,F118,3,2,5
2573,F119,2,2,4
2574,F120,5,2,7
2575,F121,102,76,178
2576,F122,17,8,25
2577,F123,1,0,1
2578,F125,6,1,7
2579,F129,1,0,1
2580,F131,3,2,5
2581,F132,10,9,19
2582,F133,4,3,7
2583,F134,0,1,1
2584,F135,0,3,3
2585,F139,1,3,4
2586,F140,0,2,2
2587,F141,8,5,13
2588,F142,7,2,9
2589,F145,1,1,2
2590,F149,2,1,3
2591,F150,3,2,5
2592,F151,18,4,22
2593,F152,2,1,3
2594,F155,2,1,3
2595,F158,1,0,1
2596,F161,4,4,8
2597,F162,2,1,3
2598,F163,0,1,1
2599,F165,1,0,1
2600,F167,0,1,1
2601,F168,0,2,2
2602,F169,1,0,1
2603,F170,7,4,11
2604,F171,6228,5177,11405
2605,F172,381,266,647
2606,F173,5,3,8
2607,F174,2,2,4
2608,F177,1,0,1
2609,F179,6,9,15
2610,F181,13,6,19
2611,F182,1,0,1
2612,F185,0,1,1
2613,F189,1,1,2
2614,F190,1,1,2
2615,F191,25,2,27
2616,F192,19,2,21
2617,F193,3,3,6
2618,F194,0,1,1
2619,F195,5,2,7
2620,F199,3,1,4
2621,F20,2,0,2
2622,F200,134,56,190
2623,F201,5,0,5
2624,F202,7,9,16
2625,F203,11,9,20
2626,F204,2,8,10
2627,F205,11,3,14
2628,F206,3,2,5
2629,F208,7,5,12
2630,F209,256,128,384
2631,F21,5,4,9
2632,F220,80,81,161
2633,F222,0,1,1
2634,F228,1,1,2
2635,F229,6,9,15
2636,F23,0,1,1
2637,F230,6,9,15
2638,F231,23,32,55
2639,F232,2,5,7
2640,F233,4,4,8
2641,F238,4,3,7
2642,F239,26,59,85
2643,F24,0,1,1
2644,F241,25,26,51
2645,F250,9,9,18
2646,F251,11,13,24
2647,F252,6,6,12
2648,F258,0,1,1
2649,F259,48,32,80
2650,F265,1,0,1
2651,F268,1,1,2
2652,F28,4,1,5
2653,F281,14,8,22
2654,F29,74,73,147
2655,F300,21,36,57
2656,F301,6,6,12
2657,F302,8,18,26
2658,F308,3,1,4
2659,F309,15,36,51
2660,F310,54,74,128
2661,F311,41,59,100
2662,F312,35,57,92
2663,F313,37,41,78
2664,F314,16,25,41
2665,F315,10,17,27
2666,F316,12,33,45
2667,F317,15,11,26
2668,F318,7,12,19
2669,F319,326,434,760
2670,F32,0,3,3
2671,F320,47,59,106
2672,F321,106,118,224
2673,F322,113,133,246
2674,F323,106,136,242
2675,F324,12,3,15
2676,F325,2,0,2
2677,F326,2,2,4
2678,F328,33,28,61
2679,F329,4405,7501,11906
2680,F330,17,21,38
2681,F331,43,77,120
2682,F332,35,82,117
2683,F333,35,59,94
2684,F334,2,7,9
2685,F338,3,3,6
2686,F339,144,217,361
2687,F340,2,7,9
2688,F341,44,61,105
2689,F344,1,2,3
2690,F345,0,1,1
2691,F346,0,1,1
2692,F348,2,4,6
2693,F349,4,7,11
2694,F362,6,4,10
2695,F363,11,4,15
2696,F364,1,0,1
2697,F365,1,0,1
2698,F368,0,2,2
2699,F380,3,4,7
2700,F381,3,1,4
2701,F382,15,28,43
2702,F384,4,1,5
2703,F388,6,2,8
2704,F39,20,28,48
2705,F391,1,1,2
2706,F400,16,32,48
2707,F401,6,4,10
2708,F402,185,409,594
2709,F405,0,1,1
2710,F408,2,16,18
2711,F409,5,13,18
2712,F410,265,491,756
2713,F411,58,84,142
2714,F412,568,958,1526
2715,F413,7,8,15
2716,F418,10,15,25
2717,F419,1887,3400,5287
2718,F420,9,11,20
2719,F421,51,45,96
2720,F422,4,8,12
2721,F423,1,1,2
2722,F428,5,3,8
2723,F429,66,58,124
2724,F430,50,44,94
2725,F431,89,51,140
2726,F432,96,116,212
2727,F438,0,2,2
2728,F439,16,30,46
2729,F440,1,10,11
2730,F441,5,2,7
2731,F442,13,9,22
2732,F443,5,4,9
2733,F444,25,19,44
2734,F445,11,18,29
2735,F446,0,1,1
2736,F447,1,3,4
2737,F448,3,6,9
2738,F449,9,18,27
2739,F450,7,11,18
2740,F451,4,2,6
2741,F452,9,10,19
2742,F453,11,26,37
2743,F454,7,8,15
2744,F458,104,153,257
2745,F459,3,17,20
2746,F462,0,1,1
2747,F480,10,25,35
2748,F481,1,5,6
2749,F488,3,2,5
2750,F489,8,9,17
2751,F500,3,35,38
2752,F501,0,1,1
2753,F502,1,18,19
2754,F505,0,1,1
2755,F508,3,3,6
2756,F509,9,27,36
2757,F510,8,2,10
2758,F511,0,1,1
2759,F512,3,4,7
2760,F513,2,6,8
2761,F514,3,5,8
2762,F515,8,4,12
2763,F519,3,0,3
2764,F520,5,7,12
2765,F521,1,1,2
2766,F522,219,0,219
2767,F524,3,0,3
2768,F526,0,4,4
2769,F527,2,0,2
2770,F529,2,0,2
2771,F530,0,8,8
2772,F531,0,7,7
2773,F539,0,1,1
2774,F54,2,2,4
2775,F55,4,4,8
2776,F551,1,0,1
2777,F562,0,1,1
2778,F582,1,0,1
2779,F59,0,1,1
2780,F600,8,7,15
2781,F601,4,2,6
2782,F602,7,1,8
2783,F603,24,83,107
2784,F604,0,7,7
2785,F605,8,11,19
2786,F606,7,10,17
2787,F607,7,15,22
2788,F608,5,8,13
2789,F609,70,92,162
2790,F61,10,3,13
2791,F620,0,1,1
2792,F621,1,1,2
2793,F628,2,0,2
2794,F629,8,4,12
2795,F630,2,1,3
2796,F631,0,1,1
2797,F633,0,5,5
2798,F635,1,0,1
2799,F638,0,2,2
2800,F639,1,1,2
2801,F640,1,2,3
2802,F641,1,0,1
2803,F649,1,1,2
2804,F650,1,0,1
2805,F659,1,0,1
2806,F661,1,0,1
2807,F669,1,0,1
2808,F680,1,0,1
2809,F681,2,5,7
2810,F69,15,12,27
2811,F700,1,1,2
2812,F701,1,0,1
2813,F709,2,6,8
2814,F719,2,0,2
2815,F729,0,1,1
2816,F780,0,1,1
2817,F789,0,2,2
2818,F799,34,16,50
2819,F800,2,0,2
2820,F801,53,32,85
2821,F802,7,5,12
2822,F803,1,0,1
2823,F809,1,1,2
2824,F810,4,0,4
2825,F812,0,1,1
2826,F819,87,55,142
2827,F82,1,4,5
2828,F840,12,7,19
2829,F843,0,1,1
2830,F845,36,14,50
2831,F89,2,2,4
2832,F900,5,5,10
2833,F911,1,1,2
2834,F918,1,0,1
2835,F919,2,0,2
2836,F929,0,1,1
2837,F951,1,0,1
2838,F952,3,3,6
2839,F959,0,3,3
2840,F981,1,0,1
2841,F985,4,5,9
2842,F988,1,0,1
2843,F99,84,86,170
2844,G000,0,2,2
2845,G001,18,24,42
2846,G002,3,4,7
2847,G003,1,4,5
2848,G008,3,1,4
2849,G009,16,15,31
2850,G01,16,17,33
2851,G011,2,1,3
2852,G020,8,13,21
2853,G021,1,1,2
2854,G030,3,3,6
2855,G031,0,4,4
2856,G032,0,1,1
2857,G038,3,3,6
2858,G039,44,34,78
2859,G040,2,5,7
2860,G042,5,1,6
2861,G048,10,19,29
2862,G049,71,67,138
2863,G050,4,2,6
2864,G051,29,16,45
2865,G052,1,0,1
2866,G060,33,7,40
2867,G061,26,18,44
2868,G062,13,13,26
2869,G07,1,1,2
2870,G08,19,19,38
2871,G09,27,18,45
2872,G091,1,0,1
2873,G10,9,9,18
2874,G110,0,2,2
2875,G111,8,6,14
2876,G112,3,1,4
2877,G113,1,1,2
2878,G114,17,8,25
2879,G118,0,1,1
2880,G119,50,37,87
2881,G120,1,0,1
2882,G121,2,2,4
2883,G122,145,91,236
2884,G128,2,0,2
2885,G129,3,3,6
2886,G130,4,5,9
2887,G131,1,4,5
2888,G138,1,0,1
2889,G14,5,19,24
2890,G141,1,0,1
2891,G145,0,1,1
2892,G148,1,0,1
2893,G151,1,0,1
2894,G152,2,0,2
2895,G153,2,0,2
2896,G158,1,2,3
2897,G161,7,4,11
2898,G162,1,3,4
2899,G163,0,1,1
2900,G169,12,10,22
2901,G173,1,0,1
2902,G181,0,2,2
2903,G182,1,0,1
2904,G183,1,0,1
2905,G189,1,0,1
2906,G191,0,1,1
2907,G199,12,11,23
2908,G20,844,474,1318
2909,G210,3,5,8
2910,G211,48,49,97
2911,G212,11,18,29
2912,G214,13,6,19
2913,G218,4,2,6
2914,G219,5,4,9
2915,G22,1,1,2
2916,G231,25,9,34
2917,G232,3,5,8
2918,G233,0,2,2
2919,G234,3,0,3
2920,G238,9,8,17
2921,G239,2,0,2
2922,G240,5,3,8
2923,G241,5,7,12
2924,G242,0,1,1
2925,G243,17,32,49
2926,G244,2,2,4
2927,G245,21,48,69
2928,G248,12,13,25
2929,G249,56,101,157
2930,G250,115,118,233
2931,G251,8,7,15
2932,G252,23,11,34
2933,G253,53,41,94
2934,G255,2,11,13
2935,G258,142,189,331
2936,G259,12,26,38
2937,G282,0,1,1
2938,G285,1,1,2
2939,G289,0,1,1
2940,G292,2,0,2
2941,G300,29,34,63
2942,G301,15,10,25
2943,G308,46,19,65
2944,G309,262,268,530
2945,G310,39,25,64
2946,G311,1,1,2
2947,G312,45,11,56
2948,G318,113,93,206
2949,G319,279,154,433
2950,G320,1,1,2
2951,G328,12,2,14
2952,G331,1,0,1
2953,G342,3,2,5
2954,G35,319,873,1192
2955,G351,0,1,1
2956,G360,5,7,12
2957,G361,0,1,1
2958,G368,1,0,1
2959,G369,1,2,3
2960,G371,0,1,1
2961,G372,3,1,4
2962,G373,26,39,65
2963,G374,0,1,1
2964,G378,11,13,24
2965,G379,55,104,159
2966,G387,0,1,1
2967,G40,0,1,1
2968,G400,11,11,22
2969,G401,53,66,119
2970,G402,111,136,247
2971,G403,211,174,385
2972,G404,8,5,13
2973,G405,26,12,38
2974,G406,91,99,190
2975,G407,13,25,38
2976,G408,44,36,80
2977,G409,1560,1511,3071
2978,G410,14,11,25
2979,G411,1,1,2
2980,G412,5,2,7
2981,G418,3,5,8
2982,G419,53,38,91
2983,G421,1,1,2
2984,G430,10,21,31
2985,G431,62,138,200
2986,G432,2,5,7
2987,G433,5,10,15
2988,G434,1,1,2
2989,G435,2,2,4
2990,G436,2,1,3
2991,G437,1,1,2
2992,G438,22,50,72
2993,G439,598,1929,2527
2994,G440,49,39,88
2995,G441,4,5,9
2996,G442,101,178,279
2997,G443,17,7,24
2998,G444,11,19,30
2999,G445,1,1,2
3000,G447,0,2,2
3001,G448,33,27,60
3002,G449,1,0,1
3003,G450,17,8,25
3004,G451,1343,1659,3002
3005,G452,7,4,11
3006,G453,81,39,120
3007,G454,160,179,339
3008,G458,60,53,113
3009,G459,1718,1591,3309
3010,G460,9,1,10
3011,G461,2,1,3
3012,G462,6,2,8
3013,G463,9,4,13
3014,G464,12,7,19
3015,G465,1,1,2
3016,G466,0,1,1
3017,G467,15,19,34
3018,G468,2,0,2
3019,G470,78,81,159
3020,G471,48,34,82
3021,G472,13,7,20
3022,G473,3087,1253,4340
3023,G474,18,29,47
3024,G478,63,24,87
3025,G479,525,233,758
3026,G488,3,2,5
3027,G500,127,268,395
3028,G501,8,32,40
3029,G508,8,7,15
3030,G509,4,11,15
3031,G510,334,316,650
3032,G511,1,2,3
3033,G512,1,1,2
3034,G513,14,35,49
3035,G514,1,0,1
3036,G518,9,25,34
3037,G519,27,33,60
3038,G521,6,6,12
3039,G522,7,4,11
3040,G523,9,6,15
3041,G527,3,4,7
3042,G528,11,13,24
3043,G529,5,11,16
3044,G530,42,37,79
3045,G531,0,1,1
3046,G532,1,0,1
3047,G533,1,1,2
3048,G538,0,4,4
3049,G540,30,57,87
3050,G541,3,7,10
3051,G542,8,7,15
3052,G543,0,2,2
3053,G544,18,19,37
3054,G545,8,2,10
3055,G546,22,9,31
3056,G547,1,2,3
3057,G548,13,9,22
3058,G549,51,67,118
3059,G550,80,48,128
3060,G551,1534,1853,3387
3061,G552,220,272,492
3062,G553,115,151,266
3063,G558,26,40,66
3064,G560,2557,5696,8253
3065,G561,21,30,51
3066,G562,590,419,1009
3067,G563,21,20,41
3068,G564,7,4,11
3069,G568,51,44,95
3070,G569,12,12,24
3071,G570,8,14,22
3072,G571,32,43,75
3073,G572,2,3,5
3074,G573,19,11,30
3075,G574,1,3,4
3076,G575,10,17,27
3077,G576,163,950,1113
3078,G578,33,117,150
3079,G579,10,11,21
3080,G580,6,6,12
3081,G587,20,14,34
3082,G588,53,69,122
3083,G589,65,78,143
3084,G590,139,57,196
3085,G591,0,1,1
3086,G598,1,0,1
3087,G600,52,37,89
3088,G602,1,1,2
3089,G603,3,1,4
3090,G608,30,21,51
3091,G609,10,6,16
3092,G610,104,87,191
3093,G618,60,19,79
3094,G619,20,8,28
3095,G620,38,39,77
3096,G621,19,6,25
3097,G622,2,3,5
3098,G628,146,70,216
3099,G629,659,461,1120
3100,G630,0,2,2
3101,G631,1,3,4
3102,G632,295,106,401
3103,G633,2,2,4
3104,G634,2,0,2
3105,G635,0,3,3
3106,G636,3,6,9
3107,G638,3,2,5
3108,G64,4,2,6
3109,G643,1,0,1
3110,G648,1,0,1
3111,G651,0,2,2
3112,G693,1,0,1
3113,G699,1,0,1
3114,G700,84,89,173
3115,G702,2,0,2
3116,G708,4,3,7
3117,G709,16,9,25
3118,G710,37,20,57
3119,G711,38,21,59
3120,G712,1,4,5
3121,G713,9,19,28
3122,G718,2,2,4
3123,G719,2,0,2
3124,G720,13,15,28
3125,G721,7,4,11
3126,G722,1,0,1
3127,G723,4,1,5
3128,G724,12,12,24
3129,G728,14,10,24
3130,G729,48,39,87
3131,G730,4,4,8
3132,G731,1,1,2
3133,G735,0,1,1
3134,G736,4,1,5
3135,G737,3,3,6
3136,G753,4,1,5
3137,G791,1,1,2
3138,G800,8,5,13
3139,G801,7,6,13
3140,G802,16,21,37
3141,G803,3,2,5
3142,G808,7,6,13
3143,G809,61,45,106
3144,G810,1,6,7
3145,G811,17,13,30
3146,G819,901,643,1544
3147,G820,3,1,4
3148,G821,39,23,62
3149,G822,103,63,166
3150,G823,2,4,6
3151,G824,20,14,34
3152,G825,56,25,81
3153,G828,0,1,1
3154,G830,2,0,2
3155,G831,19,30,49
3156,G832,22,21,43
3157,G833,3,5,8
3158,G834,98,81,179
3159,G835,1,0,1
3160,G838,26,20,46
3161,G839,20,12,32
3162,G900,42,24,66
3163,G901,3,0,3
3164,G902,45,32,77
3165,G903,25,14,39
3166,G904,4,1,5
3167,G908,6,4,10
3168,G909,28,27,55
3169,G910,16,13,29
3170,G911,32,49,81
3171,G912,30,17,47
3172,G913,7,4,11
3173,G918,11,12,23
3174,G919,150,180,330
3175,G92,5,5,10
3176,G930,66,64,130
3177,G931,108,45,153
3178,G932,24,48,72
3179,G933,146,453,599
3180,G934,92,51,143
3181,G935,20,21,41
3182,G936,67,91,158
3183,G937,1,0,1
3184,G938,141,95,236
3185,G939,98,96,194
3186,G940,1,0,1
3187,G941,15,19,34
3188,G942,13,25,38
3189,G948,3,2,5
3190,G950,19,22,41
3191,G951,52,29,81
3192,G952,154,95,249
3193,G958,72,45,117
3194,G959,87,72,159
3195,G960,76,84,160
3196,G961,24,38,62
3197,G968,9,15,24
3198,G969,3,4,7
3199,G970,22,10,32
3200,G971,27,56,83
3201,G978,29,41,70
3202,G979,3,3,6
3203,G98,16,16,32
3204,G990,65,34,99
3205,G991,0,1,1
3206,G992,528,437,965
3207,G998,1,3,4
3208,H000,80,70,150
3209,H001,729,655,1384
3210,H010,241,260,501
3211,H011,20,15,35
3212,H012,55,70,125
3213,H013,3,5,8
3214,H018,33,32,65
3215,H019,23,20,43
3216,H020,390,273,663
3217,H021,264,176,440
3218,H022,15,31,46
3219,H023,206,402,608
3220,H024,475,715,1190
3221,H025,92,127,219
3222,H026,51,116,167
3223,H027,4,3,7
3224,H028,746,964,1710
3225,H029,275,375,650
3226,H030,1,0,1
3227,H031,22,19,41
3228,H032,0,1,1
3229,H038,2,8,10
3230,H040,3,4,7
3231,H041,108,277,385
3232,H042,269,533,802
3233,H043,25,37,62
3234,H044,21,25,46
3235,H045,321,660,981
3236,H046,6,9,15
3237,H048,23,32,55
3238,H049,16,26,42
3239,H050,40,51,91
3240,H051,5,6,11
3241,H052,42,52,94
3242,H053,4,1,5
3243,H054,8,4,12
3244,H058,21,25,46
3245,H059,4,9,13
3246,H062,25,88,113
3247,H063,0,4,4
3248,H071,2,0,2
3249,H072,3,3,6
3250,H073,3,0,3
3251,H074,1,0,1
3252,H078,1,0,1
3253,H079,1,0,1
3254,H100,6,4,10
3255,H101,2,6,8
3256,H102,1,1,2
3257,H103,7,7,14
3258,H104,11,19,30
3259,H105,3,4,7
3260,H108,5,4,9
3261,H109,88,97,185
3262,H110,65,86,151
3263,H111,8,31,39
3264,H112,8,10,18
3265,H113,84,66,150
3266,H114,86,122,208
3267,H118,21,34,55
3268,H119,41,39,80
3269,H131,3,12,15
3270,H132,1,1,2
3271,H133,6,5,11
3272,H138,0,1,1
3273,H149,1,0,1
3274,H150,9,8,17
3275,H151,8,17,25
3276,H154,1,3,4
3277,H158,12,12,24
3278,H159,3,3,6
3279,H160,63,74,137
3280,H161,10,11,21
3281,H162,11,15,26
3282,H163,6,2,8
3283,H164,5,6,11
3284,H168,7,9,16
3285,H169,22,21,43
3286,H171,0,1,1
3287,H178,15,9,24
3288,H179,58,29,87
3289,H180,10,9,19
3290,H181,11,15,26
3291,H182,24,30,54
3292,H183,8,10,18
3293,H184,52,90,142
3294,H185,91,144,235
3295,H186,43,36,79
3296,H187,8,1,9
3297,H188,46,79,125
3298,H189,26,38,64
3299,H191,10,24,34
3300,H192,3,5,8
3301,H193,3,19,22
3302,H198,2,0,2
3303,H200,34,37,71
3304,H201,334,230,564
3305,H202,78,41,119
3306,H203,1,1,2
3307,H204,11,9,20
3308,H205,37,21,58
3309,H206,187,102,289
3310,H208,42,49,91
3311,H209,130,132,262
3312,H210,24,17,41
3313,H211,17,11,28
3314,H212,6,10,16
3315,H213,1,0,1
3316,H214,6,5,11
3317,H215,28,52,80
3318,H218,75,71,146
3319,H219,8,10,18
3320,H220,3,1,4
3321,H221,639,740,1379
3322,H228,9,6,15
3323,H229,829,1009,1838
3324,H231,69,49,118
3325,H232,13,9,22
3326,H233,1,1,2
3327,H234,4,3,7
3328,H235,7,7,14
3329,H236,37,27,64
3330,H238,6,2,8
3331,H239,3,5,8
3332,H241,1,0,1
3333,H248,1,0,1
3334,H249,2,0,2
3335,H250,796,1041,1837
3336,H251,2641,3203,5844
3337,H252,3,7,10
3338,H258,774,1035,1809
3339,H259,1267,1614,2881
3340,H260,22,37,59
3341,H261,59,20,79
3342,H262,61,43,104
3343,H263,6,6,12
3344,H264,621,745,1366
3345,H265,1,0,1
3346,H266,0,1,1
3347,H268,239,315,554
3348,H269,5891,7359,13250
3349,H270,58,52,110
3350,H271,30,12,42
3351,H278,46,51,97
3352,H279,3,1,4
3353,H280,5,11,16
3354,H281,3,2,5
3355,H282,3,2,5
3356,H288,1,0,1
3357,H289,29,34,63
3358,H300,0,1,1
3359,H301,2,0,2
3360,H302,2,7,9
3361,H303,1,1,2
3362,H308,1,4,5
3363,H309,15,13,28
3364,H310,38,41,79
3365,H311,11,15,26
3366,H312,2,3,5
3367,H313,13,5,18
3368,H314,4,2,6
3369,H318,22,28,50
3370,H319,2,4,6
3371,H320,0,3,3
3372,H328,0,2,2
3373,H330,810,500,1310
3374,H331,40,34,74
3375,H332,558,330,888
3376,H333,500,406,906
3377,H334,30,32,62
3378,H335,94,51,145
3379,H336,6,0,6
3380,H338,2,1,3
3381,H341,16,16,32
3382,H342,72,46,118
3383,H348,224,161,385
3384,H349,16,7,23
3385,H350,126,101,227
3386,H351,2,5,7
3387,H352,34,30,64
3388,H353,1017,1513,2530
3389,H354,88,68,156
3390,H355,39,44,83
3391,H356,56,49,105
3392,H357,41,51,92
3393,H358,473,381,854
3394,H359,49,59,108
3395,H360,895,463,1358
3396,H368,2,4,6
3397,H400,510,515,1025
3398,H401,643,511,1154
3399,H402,254,461,715
3400,H403,15,3,18
3401,H404,12,11,23
3402,H405,75,53,128
3403,H406,3,3,6
3404,H408,37,39,76
3405,H409,1449,1379,2828
3406,H412,18,14,32
3407,H418,1,4,5
3408,H422,1,0,1
3409,H424,0,1,1
3410,H425,2,1,3
3411,H426,0,2,2
3412,H428,4,5,9
3413,H430,8,1,9
3414,H431,292,194,486
3415,H432,26,10,36
3416,H433,129,137,266
3417,H438,309,393,702
3418,H439,19,24,43
3419,H440,41,34,75
3420,H441,15,10,25
3421,H442,99,117,216
3422,H443,2,1,3
3423,H444,27,22,49
3424,H445,11,4,15
3425,H447,5,3,8
3426,H448,7,9,16
3427,H449,8,12,20
3428,H450,3,3,6
3429,H451,0,1,1
3430,H458,1,0,1
3431,H46,37,73,110
3432,H463,8,40,48
3433,H468,3,1,4
3434,H470,31,33,64
3435,H471,19,39,58
3436,H472,37,36,73
3437,H473,59,78,137
3438,H474,3,0,3
3439,H475,2,4,6
3440,H477,1,0,1
3441,H480,0,1,1
3442,H481,33,20,53
3443,H482,25,49,74
3444,H483,4,1,5
3445,H488,5,2,7
3446,H490,46,35,81
3447,H491,28,28,56
3448,H492,53,58,111
3449,H494,3,8,11
3450,H498,6,5,11
3451,H499,10,13,23
3452,H500,53,118,171
3453,H501,142,168,310
3454,H502,29,28,57
3455,H503,3,2,5
3456,H504,10,8,18
3457,H505,16,24,40
3458,H506,4,4,8
3459,H508,8,10,18
3460,H509,110,139,249
3461,H510,0,1,1
3462,H511,68,55,123
3463,H512,12,3,15
3464,H513,7,1,8
3465,H518,3,6,9
3466,H519,5,3,8
3467,H520,94,178,272
3468,H521,647,742,1389
3469,H522,86,117,203
3470,H523,108,110,218
3471,H524,192,145,337
3472,H525,2,1,3
3473,H527,18,22,40
3474,H528,2,3,5
3475,H529,1,1,2
3476,H530,264,342,606
3477,H531,136,279,415
3478,H532,363,337,700
3479,H533,5,2,7
3480,H534,200,162,362
3481,H535,5,1,6
3482,H538,323,377,700
3483,H539,143,215,358
3484,H540,118,112,230
3485,H541,12,17,29
3486,H542,4,9,13
3487,H543,6,0,6
3488,H544,168,112,280
3489,H545,7,11,18
3490,H546,12,8,20
3491,H547,95,114,209
3492,H548,0,1,1
3493,H549,162,133,295
3494,H55,128,77,205
3495,H551,13,5,18
3496,H552,1,0,1
3497,H553,26,9,35
3498,H554,12,4,16
3499,H557,2,0,2
3500,H558,11,4,15
3501,H561,2,6,8
3502,H562,21,16,37
3503,H564,2,1,3
3504,H568,19,28,47
3505,H569,0,1,1
3506,H570,32,49,81
3507,H571,64,101,165
3508,H578,50,76,126
3509,H579,49,73,122
3510,H581,5,5,10
3511,H582,29,15,44
3512,H588,57,35,92
3513,H590,5,6,11
3514,H592,0,1,1
3515,H594,6,0,6
3516,H598,84,84,168
3517,H599,12,14,26
3518,H600,10,9,19
3519,H601,48,60,108
3520,H602,8,3,11
3521,H603,19,22,41
3522,H604,10,10,20
3523,H605,10,20,30
3524,H608,19,19,38
3525,H609,122,121,243
3526,H610,178,130,308
3527,H611,17,51,68
3528,H612,168,144,312
3529,H613,32,28,60
3530,H618,56,35,91
3531,H619,26,26,52
3532,H620,3,9,12
3533,H621,2,0,2
3534,H622,0,3,3
3535,H623,0,1,1
3536,H624,0,1,1
3537,H626,4,1,5
3538,H628,1,0,1
3539,H650,8,15,23
3540,H651,6,7,13
3541,H652,37,30,67
3542,H653,286,285,571
3543,H654,59,40,99
3544,H659,153,139,292
3545,H660,7,9,16
3546,H661,13,16,29
3547,H662,11,5,16
3548,H663,97,108,205
3549,H664,9,11,20
3550,H669,203,210,413
3551,H680,1,2,3
3552,H681,8,4,12
3553,H690,3,1,4
3554,H698,23,28,51
3555,H699,36,67,103
3556,H700,1,8,9
3557,H701,4,9,13
3558,H702,1,1,2
3559,H708,4,5,9
3560,H709,25,23,48
3561,H71,194,181,375
3562,H720,67,75,142
3563,H721,12,9,21
3564,H722,11,20,31
3565,H728,47,40,87
3566,H729,255,303,558
3567,H730,3,0,3
3568,H731,4,5,9
3569,H738,152,154,306
3570,H739,12,14,26
3571,H740,32,38,70
3572,H741,13,10,23
3573,H742,5,16,21
3574,H743,30,42,72
3575,H744,58,31,89
3576,H748,40,43,83
3577,H749,27,18,45
3578,H750,0,1,1
3579,H758,0,1,1
3580,H800,3,6,9
3581,H801,2,1,3
3582,H802,0,3,3
3583,H808,0,3,3
3584,H809,87,134,221
3585,H810,227,317,544
3586,H811,121,169,290
3587,H812,49,47,96
3588,H813,12,15,27
3589,H814,3,9,12
3590,H818,11,13,24
3591,H819,17,24,41
3592,H830,298,345,643
3593,H831,3,2,5
3594,H832,4,3,7
3595,H833,9,1,10
3596,H838,10,9,19
3597,H839,4,10,14
3598,H900,31,25,56
3599,H901,47,52,99
3600,H902,108,130,238
3601,H903,98,90,188
3602,H904,38,32,70
3603,H905,133,123,256
3604,H906,31,25,56
3605,H907,16,16,32
3606,H908,25,20,45
3607,H910,3,2,5
3608,H911,18,17,35
3609,H912,7,9,16
3610,H913,12,11,23
3611,H918,28,34,62
3612,H919,1771,1404,3175
3613,H920,99,163,262
3614,H921,105,89,194
3615,H922,9,7,16
3616,H930,0,1,1
3617,H931,265,246,511
3618,H932,6,8,14
3619,H933,4,10,14
3620,H938,10,24,34
3621,H939,18,21,39
3622,H940,2,0,2
3623,H948,1,0,1
3624,H950,10,11,21
3625,H951,32,21,53
3626,H958,3,6,9
3627,H959,3,4,7
3628,HES,8291,9197,17488
3629,I00,5,9,14
3630,I010,0,2,2
3631,I011,2,2,4
3632,I019,2,2,4
3633,I050,23,65,88
3634,I051,22,29,51
3635,I052,17,33,50
3636,I058,5,5,10
3637,I059,69,80,149
3638,I060,12,8,20
3639,I061,5,5,10
3640,I062,4,3,7
3641,I068,1,0,1
3642,I069,6,2,8
3643,I070,4,1,5
3644,I071,196,175,371
3645,I078,2,2,4
3646,I079,3,1,4
3647,I080,321,240,561
3648,I081,515,345,860
3649,I082,64,57,121
3650,I083,300,155,455
3651,I088,73,43,116
3652,I089,6,11,17
3653,I090,1,0,1
3654,I091,1,1,2
3655,I099,5,24,29
3656,I10,40238,33684,73922
3657,I110,24,14,38
3658,I119,81,51,132
3659,I120,718,428,1146
3660,I129,125,72,197
3661,I130,2,1,3
3662,I131,4,2,6
3663,I132,8,3,11
3664,I139,8,1,9
3665,I150,8,4,12
3666,I151,51,26,77
3667,I152,2,7,9
3668,I158,7,1,8
3669,I159,19,10,29
3670,I200,2948,1380,4328
3671,I201,66,125,191
3672,I208,630,322,952
3673,I209,9477,4883,14360
3674,I210,1213,280,1493
3675,I211,1482,357,1839
3676,I212,185,44,229
3677,I213,92,17,109
3678,I214,990,394,1384
3679,I219,2348,763,3111
3680,I220,68,10,78
3681,I221,111,17,128
3682,I228,50,8,58
3683,I229,281,64,345
3684,I230,1,0,1
3685,I231,1,2,3
3686,I232,6,3,9
3687,I235,1,1,2
3688,I236,4,1,5
3689,I238,32,2,34
3690,I240,172,33,205
3691,I241,17,7,24
3692,I248,458,124,582
3693,I249,502,243,745
3694,I250,45,14,59
3695,I251,12816,4071,16887
3696,I252,5952,1898,7850
3697,I253,70,35,105
3698,I254,41,22,63
3699,I255,240,40,280
3700,I256,6,2,8
3701,I258,4586,1298,5884
3702,I259,7969,3428,11397
3703,I260,23,22,45
3704,I269,1986,1591,3577
3705,I270,211,194,405
3706,I271,0,3,3
3707,I272,275,215,490
3708,I278,24,24,48
3709,I279,74,56,130
3710,I280,3,5,8
3711,I281,3,5,8
3712,I288,21,15,36
3713,I289,7,1,8
3714,I300,1,3,4
3715,I301,30,12,42
3716,I308,3,3,6
3717,I309,96,37,133
3718,I310,15,11,26
3719,I311,19,2,21
3720,I312,4,1,5
3721,I313,371,345,716
3722,I318,9,1,10
3723,I319,329,104,433
3724,I320,1,0,1
3725,I321,0,1,1
3726,I328,4,2,6
3727,I330,163,55,218
3728,I339,9,4,13
3729,I340,1353,915,2268
3730,I341,326,233,559
3731,I342,14,28,42
3732,I348,6,10,16
3733,I349,28,32,60
3734,I350,1195,653,1848
3735,I351,468,261,729
3736,I352,244,105,349
3737,I358,110,53,163
3738,I359,97,54,151
3739,I361,78,41,119
3740,I368,2,1,3
3741,I369,2,1,3
3742,I370,7,5,12
3743,I371,71,38,109
3744,I372,1,0,1
3745,I378,0,1,1
3746,I379,1,1,2
3747,I38,202,194,396
3748,I391,1,0,1
3749,I393,1,0,1
3750,I394,1,1,2
3751,I400,10,8,18
3752,I401,1,0,1
3753,I408,1,1,2
3754,I409,9,3,12
3755,I418,2,0,2
3756,I420,468,195,663
3757,I421,86,47,133
3758,I422,107,63,170
3759,I424,2,5,7
3760,I425,4,5,9
3761,I426,47,4,51
3762,I427,8,10,18
3763,I428,34,76,110
3764,I429,321,174,495
3765,I430,4,4,8
3766,I431,11,9,20
3767,I438,3,3,6
3768,I440,886,303,1189
3769,I441,355,144,499
3770,I442,455,202,657
3771,I443,85,44,129
3772,I444,19,9,28
3773,I445,2,1,3
3774,I446,46,34,80
3775,I447,1134,790,1924
3776,I450,5,4,9
3777,I451,1249,502,1751
3778,I452,76,19,95
3779,I453,68,14,82
3780,I454,30,25,55
3781,I455,87,45,132
3782,I456,105,91,196
3783,I458,33,31,64
3784,I459,99,49,148
3785,I460,498,209,707
3786,I461,5,1,6
3787,I469,270,137,407
3788,I470,17,30,47
3789,I471,1103,1157,2260
3790,I472,672,193,865
3791,I479,59,50,109
3792,I48,10048,4849,14897
3793,I480,523,389,912
3794,I481,86,55,141
3795,I482,35,16,51
3796,I483,16,8,24
3797,I484,14,5,19
3798,I489,4,0,4
3799,I490,263,69,332
3800,I491,71,51,122
3801,I492,3,1,4
3802,I493,297,195,492
3803,I494,125,120,245
3804,I495,278,188,466
3805,I498,218,147,365
3806,I499,517,420,937
3807,I500,1598,731,2329
3808,I501,2556,982,3538
3809,I509,1116,571,1687
3810,I510,25,31,56
3811,I511,28,8,36
3812,I512,1,1,2
3813,I513,48,16,64
3814,I514,42,33,75
3815,I515,7,3,10
3816,I516,41,19,60
3817,I517,1955,965,2920
3818,I518,1180,408,1588
3819,I519,467,210,677
3820,I528,0,2,2
3821,I600,6,10,16
3822,I601,25,60,85
3823,I602,50,81,131
3824,I603,14,60,74
3825,I604,5,20,25
3826,I605,2,2,4
3827,I606,6,21,27
3828,I607,6,22,28
3829,I608,21,31,52
3830,I609,174,260,434
3831,I610,40,20,60
3832,I611,60,34,94
3833,I612,27,13,40
3834,I613,16,13,29
3835,I614,24,17,41
3836,I615,45,42,87
3837,I616,11,8,19
3838,I618,26,32,58
3839,I619,258,167,425
3840,I620,201,81,282
3841,I621,5,6,11
3842,I629,55,38,93
3843,I630,23,6,29
3844,I631,6,3,9
3845,I632,92,45,137
3846,I633,113,73,186
3847,I634,64,48,112
3848,I635,271,141,412
3849,I636,4,2,6
3850,I638,114,64,178
3851,I639,1584,894,2478
3852,I64,614,329,943
3853,I650,28,14,42
3854,I651,9,4,13
3855,I652,672,290,962
3856,I653,18,4,22
3857,I658,5,6,11
3858,I659,2,3,5
3859,I660,16,9,25
3860,I661,2,1,3
3861,I662,4,2,6
3862,I663,8,2,10
3863,I664,5,11,16
3864,I668,3,3,6
3865,I669,23,6,29
3866,I670,23,14,37
3867,I671,117,225,342
3868,I672,149,107,256
3869,I673,2,1,3
3870,I674,3,5,8
3871,I675,0,1,1
3872,I676,3,2,5
3873,I677,6,6,12
3874,I678,637,475,1112
3875,I679,660,388,1048
3876,I680,9,19,28
3877,I688,0,1,1
3878,I690,54,51,105
3879,I691,56,45,101
3880,I692,13,17,30
3881,I693,198,94,292
3882,I694,565,381,946
3883,I698,46,26,72
3884,I700,97,63,160
3885,I7000,95,66,161
3886,I7001,2,0,2
3887,I701,51,17,68
3888,I7010,26,23,49
3889,I7011,1,0,1
3890,I702,351,103,454
3891,I7020,318,90,408
3892,I7021,58,7,65
3893,I708,28,21,49
3894,I7080,14,8,22
3895,I709,40,15,55
3896,I7090,24,5,29
3897,I710,86,33,119
3898,I711,10,5,15
3899,I712,198,85,283
3900,I713,74,14,88
3901,I714,817,121,938
3902,I715,3,1,4
3903,I716,12,7,19
3904,I718,2,2,4
3905,I719,226,53,279
3906,I720,25,43,68
3907,I721,12,3,15
3908,I722,22,10,32
3909,I723,97,10,107
3910,I724,134,38,172
3911,I725,4,1,5
3912,I726,1,2,3
3913,I728,52,47,99
3914,I729,19,14,33
3915,I73,0,1,1
3916,I730,346,806,1152
3917,I731,11,1,12
3918,I738,28,14,42
3919,I739,1846,766,2612
3920,I740,19,9,28
3921,I741,19,6,25
3922,I742,56,50,106
3923,I743,420,126,546
3924,I744,10,7,17
3925,I745,113,45,158
3926,I748,32,21,53
3927,I749,22,15,37
3928,I770,33,29,62
3929,I771,629,221,850
3930,I772,17,3,20
3931,I773,1,6,7
3932,I774,3,2,5
3933,I775,1,1,2
3934,I776,115,124,239
3935,I778,70,41,111
3936,I779,165,76,241
3937,I780,28,49,77
3938,I781,257,284,541
3939,I788,16,17,33
3940,I789,1,6,7
3941,I792,60,16,76
3942,I798,5,6,11
3943,I800,115,123,238
3944,I801,229,132,361
3945,I802,1581,1137,2718
3946,I803,147,114,261
3947,I808,78,90,168
3948,I809,82,88,170
3949,I81,103,61,164
3950,I820,3,8,11
3951,I821,0,2,2
3952,I822,40,38,78
3953,I823,19,8,27
3954,I828,102,111,213
3955,I829,54,41,95
3956,I830,125,87,212
3957,I831,241,218,459
3958,I832,36,25,61
3959,I839,2891,5620,8511
3960,I840,67,52,119
3961,I841,1085,1007,2092
3962,I842,1711,1862,3573
3963,I843,131,81,212
3964,I844,186,195,381
3965,I845,359,437,796
3966,I846,1144,1995,3139
3967,I847,117,95,212
3968,I848,1529,1326,2855
3969,I849,5535,5550,11085
3970,I850,60,25,85
3971,I859,322,166,488
3972,I860,1,0,1
3973,I861,210,0,210
3974,I862,3,13,16
3975,I863,0,16,16
3976,I864,96,35,131
3977,I868,37,40,77
3978,I870,6,1,7
3979,I871,79,66,145
3980,I872,127,84,211
3981,I878,58,60,118
3982,I879,7,8,15
3983,I880,5,8,13
3984,I881,1,4,5
3985,I888,8,8,16
3986,I889,25,30,55
3987,I890,163,332,495
3988,I891,47,54,101
3989,I898,68,39,107
3990,I899,15,28,43
3991,I950,18,30,48
3992,I951,958,613,1571
3993,I952,150,86,236
3994,I958,40,29,69
3995,I959,2059,1886,3945
3996,I970,5,2,7
3997,I971,45,14,59
3998,I972,1,69,70
3999,I978,27,22,49
4000,I979,3,2,5
4001,I982,189,69,258
4002,I983,27,7,34
4003,I988,1,2,3
4004,I99,89,66,155
4005,J00,153,241,394
4006,J010,15,17,32
4007,J011,2,7,9
4008,J012,7,7,14
4009,J013,1,1,2
4010,J014,4,5,9
4011,J018,4,7,11
4012,J019,36,56,92
4013,J020,5,6,11
4014,J023,0,1,1
4015,J025,0,2,2
4016,J028,11,12,23
4017,J029,341,429,770
4018,J030,4,0,4
4019,J038,3,1,4
4020,J039,212,261,473
4021,J040,50,71,121
4022,J041,15,10,25
4023,J042,1,3,4
4024,J050,1,1,2
4025,J051,37,21,58
4026,J060,4,4,8
4027,J069,310,453,763
4028,J088,0,1,1
4029,J09,5,1,6
4030,J091,1,1,2
4031,J100,29,42,71
4032,J101,87,91,178
4033,J108,3,0,3
4034,J110,15,10,25
4035,J111,58,64,122
4036,J118,4,2,6
4037,J120,0,1,1
4038,J121,14,7,21
4039,J122,10,6,16
4040,J123,2,2,4
4041,J128,4,3,7
4042,J129,15,12,27
4043,J13,143,110,253
4044,J131,2,1,3
4045,J132,38,26,64
4046,J138,1,0,1
4047,J14,61,39,100
4048,J141,8,10,18
4049,J142,0,1,1
4050,J150,50,13,63
4051,J151,54,48,102
4052,J152,48,20,68
4053,J153,3,1,4
4054,J154,37,30,67
4055,J155,16,8,24
4056,J156,16,8,24
4057,J157,45,27,72
4058,J158,16,9,25
4059,J159,29,6,35
4060,J168,7,2,9
4061,J170,34,10,44
4062,J171,6,10,16
4063,J172,24,19,43
4064,J173,35,19,54
4065,J179,0,1,1
4066,J180,182,120,302
4067,J181,3549,2800,6349
4068,J182,7,9,16
4069,J183,181,461,642
4070,J184,1,0,1
4071,J185,2,1,3
4072,J188,30,17,47
4073,J189,2398,1713,4111
4074,J201,1,0,1
4075,J202,0,1,1
4076,J204,1,0,1
4077,J205,1,0,1
4078,J206,1,0,1
4079,J208,13,24,37
4080,J209,58,64,122
4081,J210,2,1,3
4082,J212,0,1,1
4083,J219,17,26,43
4084,J22,3970,3558,7528
4085,J232,0,1,1
4086,J241,0,1,1
4087,J279,1,0,1
4088,J292,1,0,1
4089,J300,13,6,19
4090,J301,434,492,926
4091,J302,8,3,11
4092,J303,47,63,110
4093,J304,78,88,166
4094,J310,357,333,690
4095,J311,11,7,18
4096,J312,28,33,61
4097,J320,215,218,433
4098,J321,13,23,36
4099,J322,49,56,105
4100,J323,10,6,16
4101,J324,51,41,92
4102,J328,69,68,137
4103,J329,711,766,1477
4104,J330,638,312,950
4105,J331,8,2,10
4106,J338,339,213,552
4107,J339,1045,480,1525
4108,J340,58,54,112
4109,J341,50,44,94
4110,J342,2120,1160,3280
4111,J343,868,586,1454
4112,J348,1227,986,2213
4113,J350,136,208,344
4114,J351,109,92,201
4115,J352,13,19,32
4116,J353,0,1,1
4117,J358,79,103,182
4118,J359,30,30,60
4119,J36,219,130,349
4120,J370,47,34,81
4121,J380,102,95,197
4122,J381,146,133,279
4123,J382,51,53,104
4124,J383,312,235,547
4125,J384,60,87,147
4126,J385,23,32,55
4127,J386,11,23,34
4128,J387,225,193,418
4129,J388,2,1,3
4130,J389,5,9,14
4131,J390,13,10,23
4132,J391,5,3,8
4133,J392,228,222,450
4134,J393,2,3,5
4135,J398,84,72,156
4136,J399,14,12,26
4137,J40,280,359,639
4138,J402,4,1,5
4139,J404,5,2,7
4140,J410,12,11,23
4141,J411,6,5,11
4142,J412,1,0,1
4143,J418,2,0,2
4144,J42,132,131,263
4145,J430,2,2,4
4146,J431,2,2,4
4147,J432,47,32,79
4148,J438,13,8,21
4149,J439,1073,761,1834
4150,J440,1427,1082,2509
4151,J441,590,499,1089
4152,J448,313,366,679
4153,J449,4445,3526,7971
4154,J450,266,362,628
4155,J451,10,10,20
4156,J458,6,7,13
4157,J459,9730,14555,24285
4158,J46,90,135,225
4159,J47,897,1203,2100
4160,J475,0,1,1
4161,J486,0,1,1
4162,J501,0,1,1
4163,J539,2,1,3
4164,J563,0,1,1
4165,J573,1,1,2
4166,J60,18,3,21
4167,J61,201,6,207
4168,J614,0,1,1
4169,J628,9,0,9
4170,J634,3,1,4
4171,J635,0,1,1
4172,J64,20,3,23
4173,J660,1,1,2
4174,J663,0,1,1
4175,J668,1,0,1
4176,J670,3,2,5
4177,J672,10,9,19
4178,J674,0,1,1
4179,J676,0,1,1
4180,J677,1,0,1
4181,J678,4,2,6
4182,J679,21,39,60
4183,J680,4,1,5
4184,J681,0,1,1
4185,J682,1,0,1
4186,J683,1,0,1
4187,J684,3,0,3
4188,J688,2,0,2
4189,J690,490,254,744
4190,J691,2,0,2
4191,J698,21,10,31
4192,J700,16,2,18
4193,J701,7,16,23
4194,J702,0,1,1
4195,J703,2,0,2
4196,J704,5,9,14
4197,J708,2,0,2
4198,J709,1,1,2
4199,J723,2,0,2
4200,J741,4,3,7
4201,J748,1,0,1
4202,J749,10,10,20
4203,J80,110,59,169
4204,J81,254,202,456
4205,J82,27,34,61
4206,J840,6,3,9
4207,J841,600,340,940
4208,J848,20,33,53
4209,J849,163,147,310
4210,J850,12,2,14
4211,J851,19,10,29
4212,J852,29,17,46
4213,J853,0,3,3
4214,J860,30,16,46
4215,J869,184,111,295
4216,J90,3173,2416,5589
4217,J91,123,111,234
4218,J920,386,24,410
4219,J929,436,61,497
4220,J930,27,10,37
4221,J931,118,54,172
4222,J938,59,34,93
4223,J939,426,228,654
4224,J940,3,1,4
4225,J941,28,9,37
4226,J942,47,33,80
4227,J948,117,48,165
4228,J949,5,10,15
4229,J950,66,23,89
4230,J951,0,1,1
4231,J952,3,1,4
4232,J953,2,1,3
4233,J955,1,6,7
4234,J958,118,113,231
4235,J959,16,11,27
4236,J960,214,108,322
4237,J9600,17,15,32
4238,J9601,16,9,25
4239,J9609,6,4,10
4240,J961,93,74,167
4241,J9610,4,0,4
4242,J9611,16,7,23
4243,J9619,2,2,4
4244,J969,972,666,1638
4245,J9690,114,81,195
4246,J9691,94,99,193
4247,J9699,26,5,31
4248,J980,141,122,263
4249,J981,1319,1080,2399
4250,J982,20,8,28
4251,J984,516,440,956
4252,J985,36,22,58
4253,J986,41,22,63
4254,J988,89,75,164
4255,J989,41,44,85
4256,J990,15,19,34
4257,J991,19,36,55
4258,J998,59,68,127
4259,K000,8,14,22
4260,K001,5,7,12
4261,K002,1,2,3
4262,K003,1,0,1
4263,K005,0,1,1
4264,K006,42,62,104
4265,K007,1,0,1
4266,K008,5,4,9
4267,K009,13,13,26
4268,K010,27,39,66
4269,K011,637,804,1441
4270,K020,0,2,2
4271,K021,13,13,26
4272,K022,2,0,2
4273,K028,38,53,91
4274,K029,1386,1322,2708
4275,K030,1,1,2
4276,K031,1,0,1
4277,K032,1,3,4
4278,K033,7,8,15
4279,K034,1,1,2
4280,K035,1,1,2
4281,K036,8,8,16
4282,K038,6,3,9
4283,K039,5,3,8
4284,K040,14,28,42
4285,K041,0,1,1
4286,K043,1,1,2
4287,K044,25,31,56
4288,K045,169,256,425
4289,K046,69,101,170
4290,K047,384,504,888
4291,K048,154,192,346
4292,K049,52,84,136
4293,K050,5,9,14
4294,K051,38,38,76
4295,K052,29,31,60
4296,K053,181,301,482
4297,K054,5,6,11
4298,K055,11,6,17
4299,K056,42,54,96
4300,K060,3,8,11
4301,K061,11,15,26
4302,K062,11,16,27
4303,K068,87,100,187
4304,K069,19,28,47
4305,K070,6,8,14
4306,K071,16,22,38
4307,K072,14,16,30
4308,K073,85,97,182
4309,K074,16,19,35
4310,K075,2,4,6
4311,K076,38,179,217
4312,K078,2,5,7
4313,K079,6,11,17
4314,K081,54,68,122
4315,K082,21,32,53
4316,K083,711,766,1477
4317,K088,274,416,690
4318,K089,74,84,158
4319,K090,75,66,141
4320,K091,15,9,24
4321,K092,58,50,108
4322,K098,28,46,74
4323,K099,12,17,29
4324,K100,18,12,30
4325,K101,1,6,7
4326,K102,43,39,82
4327,K103,6,9,15
4328,K108,71,99,170
4329,K109,5,17,22
4330,K110,0,6,6
4331,K111,28,43,71
4332,K112,125,201,326
4333,K113,13,8,21
4334,K114,1,1,2
4335,K115,141,117,258
4336,K116,34,47,81
4337,K117,21,21,42
4338,K118,49,61,110
4339,K119,35,38,73
4340,K120,28,44,72
4341,K121,163,232,395
4342,K122,74,74,148
4343,K123,135,132,267
4344,K130,265,339,604
4345,K131,4,2,6
4346,K132,140,130,270
4347,K133,3,0,3
4348,K134,21,32,53
4349,K135,6,6,12
4350,K136,35,38,73
4351,K137,741,894,1635
4352,K140,126,137,263
4353,K141,7,4,11
4354,K142,3,2,5
4355,K143,6,6,12
4356,K145,3,0,3
4357,K146,6,18,24
4358,K148,281,352,633
4359,K149,104,129,233
4360,K168,0,1,1
4361,K20,4374,3997,8371
4362,K21,1,1,2
4363,K210,4946,4706,9652
4364,K219,6444,8811,15255
4365,K220,90,76,166
4366,K221,2867,1680,4547
4367,K222,1142,723,1865
4368,K223,20,11,31
4369,K224,190,270,460
4370,K225,84,60,144
4371,K226,167,110,277
4372,K227,1942,1061,3003
4373,K228,553,578,1131
4374,K229,271,240,511
4375,K238,13,21,34
4376,K250,38,24,62
4377,K251,4,1,5
4378,K252,2,2,4
4379,K253,102,140,242
4380,K254,90,61,151
4381,K255,18,12,30
4382,K256,4,3,7
4383,K257,128,128,256
4384,K258,1,0,1
4385,K259,1701,1682,3383
4386,K260,60,18,78
4387,K261,8,17,25
4388,K262,8,4,12
4389,K263,135,78,213
4390,K264,171,51,222
4391,K265,62,46,108
4392,K266,13,3,16
4393,K267,169,83,252
4394,K269,1278,721,1999
4395,K270,5,2,7
4396,K272,1,0,1
4397,K273,4,10,14
4398,K274,8,4,12
4399,K275,1,2,3
4400,K276,3,1,4
4401,K277,14,10,24
4402,K279,188,130,318
4403,K280,1,1,2
4404,K284,4,2,6
4405,K285,1,0,1
4406,K286,0,2,2
4407,K287,1,2,3
4408,K289,22,10,32
4409,K29,1359,1010,2369
4410,K290,198,206,404
4411,K291,351,350,701
4412,K292,74,20,94
4413,K293,89,99,188
4414,K294,153,168,321
4415,K295,1294,1649,2943
4416,K296,2222,2902,5124
4417,K297,6080,7944,14024
4418,K298,4087,2866,6953
4419,K30,3812,6485,10297
4420,K310,7,2,9
4421,K311,101,74,175
4422,K312,7,4,11
4423,K313,7,6,13
4424,K314,41,64,105
4425,K315,83,61,144
4426,K316,13,11,24
4427,K317,1838,2913,4751
4428,K318,1182,1155,2337
4429,K319,310,367,677
4430,K334,1,0,1
4431,K350,280,258,538
4432,K351,86,82,168
4433,K352,33,24,57
4434,K353,114,118,232
4435,K358,159,194,353
4436,K359,580,605,1185
4437,K36,26,48,74
4438,K37,193,203,396
4439,K380,3,6,9
4440,K381,30,40,70
4441,K382,3,8,11
4442,K388,52,87,139
4443,K389,13,18,31
4444,K400,30,1,31
4445,K401,9,0,9
4446,K402,1304,40,1344
4447,K403,226,32,258
4448,K404,13,1,14
4449,K409,11804,876,12680
4450,K410,2,2,4
4451,K411,2,0,2
4452,K412,3,4,7
4453,K413,24,79,103
4454,K414,2,12,14
4455,K419,128,335,463
4456,K420,140,80,220
4457,K421,5,5,10
4458,K429,2447,826,3273
4459,K43,89,79,168
4460,K430,108,129,237
4461,K431,3,4,7
4462,K433,10,6,16
4463,K435,31,19,50
4464,K436,6,8,14
4465,K439,1458,1396,2854
4466,K440,48,48,96
4467,K441,6,9,15
4468,K442,2,0,2
4469,K449,11324,14467,25791
4470,K450,16,18,34
4471,K451,6,4,10
4472,K452,2,0,2
4473,K453,98,8,106
4474,K454,3,1,4
4475,K458,37,45,82
4476,K460,11,13,24
4477,K461,2,0,2
4478,K469,175,124,299
4479,K491,67,9,76
4480,K492,10,1,11
4481,K493,1,0,1
4482,K498,11,2,13
4483,K500,170,185,355
4484,K501,186,252,438
4485,K502,2,1,3
4486,K503,1,0,1
4487,K508,62,85,147
4488,K509,556,740,1296
4489,K510,95,61,156
4490,K511,6,14,20
4491,K512,202,170,372
4492,K513,101,80,181
4493,K514,121,77,198
4494,K515,47,45,92
4495,K518,111,93,204
4496,K519,1296,1168,2464
4497,K520,53,36,89
4498,K521,88,116,204
4499,K522,9,13,22
4500,K523,56,58,114
4501,K528,178,324,502
4502,K529,5231,7859,13090
4503,K550,141,133,274
4504,K551,23,26,49
4505,K552,254,234,488
4506,K558,25,29,54
4507,K559,112,162,274
4508,K560,71,36,107
4509,K561,26,106,132
4510,K562,249,387,636
4511,K563,7,22,29
4512,K564,104,163,267
4513,K565,374,496,870
4514,K566,931,1029,1960
4515,K567,305,160,465
4516,K570,33,20,53
4517,K571,202,174,376
4518,K572,279,250,529
4519,K573,11594,12578,24172
4520,K574,18,19,37
4521,K575,50,39,89
4522,K576,1,2,3
4523,K578,48,55,103
4524,K579,2793,3585,6378
4525,K580,114,298,412
4526,K581,1,0,1
4527,K582,13,12,25
4528,K586,0,1,1
4529,K589,1276,3857,5133
4530,K590,4385,6158,10543
4531,K591,53,118,171
4532,K592,11,7,18
4533,K593,109,98,207
4534,K594,13,34,47
4535,K598,94,181,275
4536,K599,24,84,108
4537,K600,41,36,77
4538,K601,245,181,426
4539,K602,743,647,1390
4540,K603,682,347,1029
4541,K604,30,12,42
4542,K605,46,22,68
4543,K606,6,3,9
4544,K607,2,2,4
4545,K610,686,299,985
4546,K611,26,12,38
4547,K612,8,4,12
4548,K613,112,51,163
4549,K614,13,7,20
4550,K620,553,545,1098
4551,K621,3745,2544,6289
4552,K622,32,35,67
4553,K623,239,747,986
4554,K624,131,114,245
4555,K625,5018,5898,10916
4556,K626,204,195,399
4557,K627,298,50,348
4558,K628,1181,1251,2432
4559,K629,180,169,349
4560,K630,33,37,70
4561,K631,215,198,413
4562,K632,134,95,229
4563,K633,523,447,970
4564,K634,246,131,377
4565,K635,6646,4921,11567
4566,K636,177,68,245
4567,K638,633,903,1536
4568,K639,370,351,721
4569,K640,206,228,434
4570,K641,139,181,320
4571,K642,49,54,103
4572,K643,20,13,33
4573,K644,123,170,293
4574,K645,4,4,8
4575,K648,43,50,93
4576,K649,593,623,1216
4577,K650,266,165,431
4578,K651,1,0,1
4579,K652,2,1,3
4580,K653,6,2,8
4581,K658,67,70,137
4582,K659,137,125,262
4583,K660,1217,1885,3102
4584,K661,30,22,52
4585,K668,59,95,154
4586,K669,17,21,38
4587,K671,1,0,1
4588,K673,1,1,2
4589,K678,2,0,2
4590,K679,1,0,1
4591,K682,0,2,2
4592,K689,1,0,1
4593,K700,76,19,95
4594,K701,110,28,138
4595,K702,15,3,18
4596,K703,293,73,366
4597,K704,101,26,127
4598,K709,396,106,502
4599,K710,4,4,8
4600,K711,5,9,14
4601,K712,2,2,4
4602,K713,1,0,1
4603,K715,1,0,1
4604,K716,9,4,13
4605,K717,1,3,4
4606,K718,1,1,2
4607,K719,4,5,9
4608,K720,59,41,100
4609,K721,9,5,14
4610,K729,180,93,273
4611,K730,1,1,2
4612,K731,4,1,5
4613,K732,17,31,48
4614,K738,5,7,12
4615,K739,27,44,71
4616,K740,69,41,110
4617,K741,7,1,8
4618,K743,41,174,215
4619,K744,3,4,7
4620,K745,17,54,71
4621,K746,402,183,585
4622,K750,96,64,160
4623,K751,216,35,251
4624,K752,44,9,53
4625,K753,53,14,67
4626,K754,27,137,164
4627,K758,123,106,229
4628,K759,83,76,159
4629,K760,915,882,1797
4630,K761,15,8,23
4631,K762,1,1,2
4632,K763,3,4,7
4633,K764,2,0,2
4634,K765,2,3,5
4635,K766,404,168,572
4636,K767,42,12,54
4637,K768,382,544,926
4638,K769,386,296,682
4639,K770,2,2,4
4640,K778,4,4,8
4641,K800,546,881,1427
4642,K801,1393,3455,4848
4643,K802,2424,5382,7806
4644,K803,142,99,241
4645,K804,114,169,283
4646,K805,791,1470,2261
4647,K808,28,95,123
4648,K810,379,375,754
4649,K811,404,732,1136
4650,K818,10,12,22
4651,K819,298,379,677
4652,K820,7,12,19
4653,K821,23,82,105
4654,K822,40,31,71
4655,K823,11,25,36
4656,K824,116,322,438
4657,K828,341,723,1064
4658,K829,32,72,104
4659,K830,349,220,569
4660,K831,454,386,840
4661,K832,2,5,7
4662,K833,2,8,10
4663,K834,0,12,12
4664,K835,5,8,13
4665,K838,341,642,983
4666,K839,26,30,56
4667,K85,567,614,1181
4668,K850,6,10,16
4669,K851,133,149,282
4670,K852,41,12,53
4671,K853,2,4,6
4672,K858,23,15,38
4673,K859,263,212,475
4674,K860,112,13,125
4675,K861,261,136,397
4676,K862,109,138,247
4677,K863,96,61,157
4678,K868,241,211,452
4679,K869,100,74,174
4680,K871,1,2,3
4681,K900,602,1088,1690
4682,K901,1,1,2
4683,K902,0,1,1
4684,K903,2,0,2
4685,K904,28,62,90
4686,K908,11,21,32
4687,K909,60,101,161
4688,K910,36,46,82
4689,K911,21,15,36
4690,K912,14,27,41
4691,K913,218,158,376
4692,K914,261,236,497
4693,K915,2,19,21
4694,K918,372,331,703
4695,K919,19,8,27
4696,K920,1040,721,1761
4697,K921,1424,989,2413
4698,K922,2834,2804,5638
4699,K928,26,28,54
4700,K929,84,105,189
4701,K930,0,2,2
4702,K938,1,2,3
4703,L00,1,0,1
4704,L010,13,8,21
4705,L011,1,3,4
4706,L020,30,21,51
4707,L021,68,41,109
4708,L022,379,349,728
4709,L023,121,100,221
4710,L024,534,383,917
4711,L028,11,7,18
4712,L029,41,36,77
4713,L030,294,223,517
4714,L031,3318,2036,5354
4715,L032,124,196,320
4716,L033,251,341,592
4717,L038,70,78,148
4718,L039,174,159,333
4719,L040,8,14,22
4720,L041,4,5,9
4721,L042,8,9,17
4722,L043,1,2,3
4723,L048,4,2,6
4724,L049,13,7,20
4725,L050,128,51,179
4726,L059,188,67,255
4727,L080,9,8,17
4728,L081,0,1,1
4729,L088,86,68,154
4730,L089,599,458,1057
4731,L100,4,4,8
4732,L102,2,1,3
4733,L104,1,5,6
4734,L108,0,1,1
4735,L109,5,6,11
4736,L110,20,9,29
4737,L111,8,1,9
4738,L118,1,0,1
4739,L119,6,1,7
4740,L120,14,16,30
4741,L121,8,12,20
4742,L123,1,2,3
4743,L128,0,2,2
4744,L129,6,7,13
4745,L130,17,14,31
4746,L131,1,2,3
4747,L133,2,2,4
4748,L138,2,1,3
4749,L139,5,2,7
4750,L14,0,1,1
4751,L191,0,1,1
4752,L195,1,0,1
4753,L208,10,4,14
4754,L209,33,24,57
4755,L210,0,2,2
4756,L218,1,0,1
4757,L219,38,7,45
4758,L22,5,0,5
4759,L230,0,4,4
4760,L231,6,22,28
4761,L232,0,1,1
4762,L233,2,2,4
4763,L235,4,16,20
4764,L236,0,1,1
4765,L237,1,3,4
4766,L238,2,6,8
4767,L239,6,12,18
4768,L240,3,0,3
4769,L243,1,0,1
4770,L244,1,0,1
4771,L248,8,3,11
4772,L249,1,2,3
4773,L250,0,1,1
4774,L251,3,3,6
4775,L253,2,1,3
4776,L258,2,4,6
4777,L259,18,24,42
4778,L26,6,1,7
4779,L264,4,0,4
4780,L265,1,0,1
4781,L270,178,208,386
4782,L271,29,31,60
4783,L272,8,11,19
4784,L278,1,0,1
4785,L279,2,2,4
4786,L280,47,100,147
4787,L281,15,14,29
4788,L282,5,3,8
4789,L290,159,109,268
4790,L292,0,113,113
4791,L293,4,7,11
4792,L294,9,3,12
4793,L295,4,3,7
4794,L298,10,24,34
4795,L299,115,181,296
4796,L300,4,4,8
4797,L301,4,4,8
4798,L302,0,2,2
4799,L303,10,9,19
4800,L304,8,10,18
4801,L308,49,68,117
4802,L309,682,756,1438
4803,L312,1,0,1
4804,L314,1,0,1
4805,L331,0,1,1
4806,L343,1,0,1
4807,L351,1,0,1
4808,L352,17,13,30
4809,L358,1,0,1
4810,L382,1,0,1
4811,L394,1,0,1
4812,L400,80,66,146
4813,L401,5,10,15
4814,L403,4,10,14
4815,L404,4,5,9
4816,L405,316,351,667
4817,L408,18,15,33
4818,L409,901,690,1591
4819,L410,4,1,5
4820,L411,3,5,8
4821,L412,2,1,3
4822,L413,1,0,1
4823,L415,1,0,1
4824,L419,2,2,4
4825,L42,26,11,37
4826,L430,3,8,11
4827,L432,2,2,4
4828,L433,0,1,1
4829,L434,4,1,5
4830,L438,13,26,39
4831,L439,145,306,451
4832,L440,5,4,9
4833,L441,2,2,4
4834,L443,1,1,2
4835,L473,0,1,1
4836,L500,38,35,73
4837,L501,8,16,24
4838,L502,0,3,3
4839,L503,2,1,3
4840,L505,1,2,3
4841,L506,1,1,2
4842,L508,9,25,34
4843,L509,73,122,195
4844,L511,14,20,34
4845,L512,1,3,4
4846,L518,3,0,3
4847,L519,15,29,44
4848,L52,22,40,62
4849,L530,6,11,17
4850,L531,0,3,3
4851,L538,14,26,40
4852,L539,228,230,458
4853,L540,0,1,1
4854,L541,2,3,5
4855,L543,1,0,1
4856,L550,0,1,1
4857,L551,2,0,2
4858,L559,2,5,7
4859,L563,0,5,5
4860,L564,1,7,8
4861,L568,22,13,35
4862,L569,13,8,21
4863,L570,1176,1053,2229
4864,L571,0,1,1
4865,L573,1,4,5
4866,L574,3,25,28
4867,L575,7,2,9
4868,L578,111,109,220
4869,L579,7,7,14
4870,L580,2,1,3
4871,L589,3,7,10
4872,L590,1,2,3
4873,L595,1,0,1
4874,L597,1,0,1
4875,L598,4,9,13
4876,L599,3,4,7
4877,L600,352,334,686
4878,L601,3,8,11
4879,L602,20,26,46
4880,L603,15,20,35
4881,L604,0,1,1
4882,L605,2,3,5
4883,L608,77,75,152
4884,L609,30,29,59
4885,L622,1,0,1
4886,L624,0,1,1
4887,L628,1,0,1
4888,L630,2,3,5
4889,L631,5,4,9
4890,L633,1,0,1
4891,L634,8,4,12
4892,L638,1,2,3
4893,L639,3,11,14
4894,L640,0,3,3
4895,L648,0,1,1
4896,L649,0,5,5
4897,L658,2,0,2
4898,L659,14,69,83
4899,L660,0,2,2
4900,L661,2,7,9
4901,L662,2,1,3
4902,L665,2,1,3
4903,L668,1,2,3
4904,L669,2,14,16
4905,L671,7,16,23
4906,L680,1,16,17
4907,L688,2,2,4
4908,L689,1,2,3
4909,L700,13,22,35
4910,L703,7,11,18
4911,L705,0,2,2
4912,L708,2,2,4
4913,L709,10,16,26
4914,L710,0,3,3
4915,L711,54,3,57
4916,L713,1,25,26
4917,L714,4,0,4
4918,L718,4,5,9
4919,L719,116,123,239
4920,L720,928,1044,1972
4921,L721,2098,2073,4171
4922,L722,6,3,9
4923,L728,57,99,156
4924,L729,412,542,954
4925,L730,1,1,2
4926,L731,4,3,7
4927,L732,42,112,154
4928,L738,32,28,60
4929,L739,75,65,140
4930,L740,2,3,5
4931,L743,0,3,3
4932,L744,1,2,3
4933,L748,0,2,2
4934,L750,1,0,1
4935,L751,1,0,1
4936,L752,1,0,1
4937,L758,0,2,2
4938,L759,1,0,1
4939,L795,1,0,1
4940,L80,17,45,62
4941,L810,5,6,11
4942,L811,0,1,1
4943,L812,6,19,25
4944,L813,0,2,2
4945,L814,185,296,481
4946,L816,1,1,2
4947,L817,5,1,6
4948,L818,21,33,54
4949,L819,65,105,170
4950,L82,1365,1527,2892
4951,L83,50,45,95
4952,L832,0,3,3
4953,L84,53,216,269
4954,L841,33,49,82
4955,L842,4,4,8
4956,L843,3,3,6
4957,L844,8,7,15
4958,L845,2,2,4
4959,L848,0,2,2
4960,L849,0,3,3
4961,L850,2,1,3
4962,L851,85,164,249
4963,L852,8,20,28
4964,L853,9,28,37
4965,L858,141,150,291
4966,L859,155,196,351
4967,L861,3,20,23
4968,L862,11,20,31
4969,L869,0,1,1
4970,L870,2,1,3
4971,L871,6,19,25
4972,L872,2,4,6
4973,L873,0,9,9
4974,L874,14,47,61
4975,L877,1,1,2
4976,L878,2,6,8
4977,L879,2,4,6
4978,L88,10,14,24
4979,L881,22,16,38
4980,L882,20,31,51
4981,L883,4,7,11
4982,L888,0,1,1
4983,L89,160,87,247
4984,L890,95,63,158
4985,L891,265,219,484
4986,L892,102,52,154
4987,L893,50,24,74
4988,L899,135,113,248
4989,L900,58,348,406
4990,L902,0,1,1
4991,L903,0,1,1
4992,L904,0,2,2
4993,L905,740,1300,2040
4994,L906,1,4,5
4995,L908,3,9,12
4996,L909,3,5,8
4997,L910,66,128,194
4998,L911,4,4,8
4999,L912,16,11,27
5000,L913,9,18,27
5001,L914,9,14,23
5002,L915,4,6,10
5003,L916,0,1,1
5004,L918,316,422,738
5005,L919,7,10,17
5006,L920,11,44,55
5007,L921,2,5,7
5008,L922,4,4,8
5009,L923,51,78,129
5010,L928,19,24,43
5011,L929,116,151,267
5012,L930,26,78,104
5013,L931,1,7,8
5014,L932,1,9,10
5015,L933,1,0,1
5016,L936,1,0,1
5017,L938,0,2,2
5018,L940,6,31,37
5019,L941,1,1,2
5020,L942,17,23,40
5021,L943,2,8,10
5022,L944,0,1,1
5023,L948,6,11,17
5024,L949,8,14,22
5025,L950,1,3,4
5026,L951,11,11,22
5027,L958,17,18,35
5028,L959,40,42,82
5029,L97,783,414,1197
5030,L975,0,2,2
5031,L978,0,1,1
5032,L980,132,124,256
5033,L981,6,7,13
5034,L982,3,12,15
5035,L983,1,2,3
5036,L984,77,65,142
5037,L985,4,6,10
5038,L986,1,1,2
5039,L987,2,5,7
5040,L988,415,453,868
5041,L989,1811,2102,3913
5042,L990,1,2,3
5043,L993,1,0,1
5044,L997,5,10,15
5045,L998,5,2,7
5046,M000,1,0,1
5047,M0000,4,2,6
5048,M0001,5,0,5
5049,M0002,1,0,1
5050,M0003,1,1,2
5051,M0005,1,2,3
5052,M0006,8,6,14
5053,M0007,4,1,5
5054,M0008,0,1,1
5055,M0010,0,1,1
5056,M0012,1,0,1
5057,M002,1,1,2
5058,M0020,2,0,2
5059,M0021,1,0,1
5060,M0023,0,1,1
5061,M0024,1,0,1
5062,M0025,1,1,2
5063,M0026,4,0,4
5064,M0027,0,1,1
5065,M0029,1,1,2
5066,M008,2,1,3
5067,M0081,0,1,1
5068,M0085,2,1,3
5069,M0086,8,2,10
5070,M009,30,21,51
5071,M0090,9,4,13
5072,M0091,14,6,20
5073,M0092,7,5,12
5074,M0093,8,7,15
5075,M0094,13,19,32
5076,M0095,13,5,18
5077,M0096,81,35,116
5078,M0097,18,10,28
5079,M0098,1,2,3
5080,M0099,6,3,9
5081,M010,1,0,1
5082,M013,1,0,1
5083,M0139,0,1,1
5084,M015,1,1,2
5085,M0150,0,1,1
5086,M018,0,1,1
5087,M0186,0,1,1
5088,M0187,1,0,1
5089,M0189,0,1,1
5090,M021,6,3,9
5091,M022,2,0,2
5092,M023,10,1,11
5093,M0230,2,0,2
5094,M0236,0,1,1
5095,M0239,17,1,18
5096,M025,4,8,12
5097,M028,1,2,3
5098,M0281,0,1,1
5099,M0284,0,1,1
5100,M0285,0,1,1
5101,M0286,0,1,1
5102,M0287,1,1,2
5103,M029,4,5,9
5104,M0290,12,4,16
5105,M0293,1,1,2
5106,M0294,1,2,3
5107,M0296,7,6,13
5108,M0297,1,2,3
5109,M0299,3,1,4
5110,M031,1,0,1
5111,M0320,0,2,2
5112,M0326,0,1,1
5113,M036,0,1,1
5114,M0360,0,1,1
5115,M038,0,1,1
5116,M039,5,1,6
5117,M050,2,3,5
5118,M0500,1,2,3
5119,M0509,3,2,5
5120,M051,8,19,27
5121,M0510,2,2,4
5122,M0518,1,0,1
5123,M0519,6,6,12
5124,M052,4,9,13
5125,M0520,2,6,8
5126,M0524,0,1,1
5127,M0526,0,1,1
5128,M0528,1,0,1
5129,M0529,2,8,10
5130,M053,2,1,3
5131,M0530,1,0,1
5132,M0538,0,1,1
5133,M058,7,11,18
5134,M0580,2,10,12
5135,M0582,0,1,1
5136,M0583,0,3,3
5137,M0584,0,3,3
5138,M0586,1,0,1
5139,M0587,0,2,2
5140,M0588,0,1,1
5141,M0589,1,5,6
5142,M059,59,150,209
5143,M0590,63,166,229
5144,M0591,2,6,8
5145,M0592,3,6,9
5146,M0593,2,4,6
5147,M0594,6,10,16
5148,M0595,0,7,7
5149,M0596,1,11,12
5150,M0597,8,17,25
5151,M0598,0,3,3
5152,M0599,30,98,128
5153,M060,71,134,205
5154,M0600,51,118,169
5155,M0601,3,7,10
5156,M0602,4,1,5
5157,M0603,1,4,5
5158,M0604,3,7,10
5159,M0605,1,7,8
5160,M0606,7,11,18
5161,M0607,4,8,12
5162,M0608,1,0,1
5163,M0609,47,83,130
5164,M061,2,6,8
5165,M0610,2,2,4
5166,M0611,0,1,1
5167,M0616,1,0,1
5168,M0619,2,3,5
5169,M062,0,1,1
5170,M0621,1,0,1
5171,M0622,1,0,1
5172,M0627,0,2,2
5173,M063,6,14,20
5174,M0630,3,7,10
5175,M0632,11,10,21
5176,M0633,1,3,4
5177,M0634,17,41,58
5178,M0636,1,3,4
5179,M0637,0,27,27
5180,M0639,0,1,1
5181,M064,16,38,54
5182,M0640,9,28,37
5183,M0641,1,2,3
5184,M0643,1,1,2
5185,M0644,0,1,1
5186,M0645,2,1,3
5187,M0646,3,4,7
5188,M0647,3,1,4
5189,M0649,13,38,51
5190,M068,6,8,14
5191,M0680,1,7,8
5192,M0681,0,3,3
5193,M0682,1,1,2
5194,M0684,1,0,1
5195,M0685,1,0,1
5196,M0686,0,1,1
5197,M0687,0,2,2
5198,M0688,0,5,5
5199,M0689,4,8,12
5200,M069,721,1655,2376
5201,M0690,278,728,1006
5202,M0691,28,74,102
5203,M0692,15,32,47
5204,M0693,17,48,65
5205,M0694,40,146,186
5206,M0695,19,50,69
5207,M0696,56,133,189
5208,M0697,40,122,162
5209,M0698,9,28,37
5210,M0699,663,1330,1993
5211,M070,4,4,8
5212,M0700,0,1,1
5213,M0701,1,0,1
5214,M0703,1,0,1
5215,M0704,2,3,5
5216,M0707,0,1,1
5217,M0709,4,1,5
5218,M071,1,4,5
5219,M0719,2,0,2
5220,M072,4,1,5
5221,M0726,1,0,1
5222,M0728,0,1,1
5223,M0729,2,3,5
5224,M073,204,210,414
5225,M0730,56,71,127
5226,M0731,3,7,10
5227,M0732,2,0,2
5228,M0733,2,4,6
5229,M0734,9,12,21
5230,M0735,5,9,14
5231,M0736,20,13,33
5232,M0737,10,12,22
5233,M0738,3,4,7
5234,M0739,113,137,250
5235,M074,2,4,6
5236,M0740,1,3,4
5237,M0749,0,3,3
5238,M075,4,4,8
5239,M0750,0,3,3
5240,M0751,1,0,1
5241,M0759,0,4,4
5242,M076,0,3,3
5243,M0760,0,2,2
5244,M0766,0,3,3
5245,M0769,4,6,10
5246,M080,1,5,6
5247,M0800,2,5,7
5248,M0802,0,1,1
5249,M0805,1,0,1
5250,M0808,0,1,1
5251,M0809,2,4,6
5252,M0819,0,1,1
5253,M082,0,3,3
5254,M0825,0,1,1
5255,M0826,1,0,1
5256,M0829,1,3,4
5257,M0830,0,2,2
5258,M0839,0,1,1
5259,M0840,1,2,3
5260,M0844,1,0,1
5261,M088,0,1,1
5262,M089,2,3,5
5263,M0890,1,3,4
5264,M0896,0,1,1
5265,M0899,2,3,5
5266,M091,3,2,5
5267,M093,4,6,10
5268,M094,7,1,8
5269,M100,26,1,27
5270,M1000,11,1,12
5271,M1002,12,0,12
5272,M1003,3,0,3
5273,M1004,8,6,14
5274,M1006,9,2,11
5275,M1007,29,2,31
5276,M1008,3,0,3
5277,M1009,15,3,18
5278,M102,2,1,3
5279,M1027,1,1,2
5280,M103,5,4,9
5281,M1037,1,0,1
5282,M1039,3,4,7
5283,M104,2,0,2
5284,M1046,2,0,2
5285,M1049,1,0,1
5286,M109,1836,284,2120
5287,M1090,55,7,62
5288,M1091,2,0,2
5289,M1092,24,2,26
5290,M1093,22,5,27
5291,M1094,48,9,57
5292,M1095,3,0,3
5293,M1096,131,15,146
5294,M1097,183,51,234
5295,M1098,5,0,5
5296,M1099,1226,161,1387
5297,M111,0,1,1
5298,M1116,1,2,3
5299,M112,44,13,57
5300,M1120,3,3,6
5301,M1121,4,3,7
5302,M1122,1,0,1
5303,M1123,2,4,6
5304,M1124,0,3,3
5305,M1125,1,0,1
5306,M1126,164,103,267
5307,M1127,7,1,8
5308,M1128,1,0,1
5309,M1129,2,1,3
5310,M113,1,0,1
5311,M118,4,4,8
5312,M1182,2,0,2
5313,M1183,3,4,7
5314,M1184,2,0,2
5315,M1186,12,6,18
5316,M1187,0,2,2
5317,M1189,5,0,5
5318,M119,6,4,10
5319,M1190,0,2,2
5320,M1191,0,2,2
5321,M1192,1,0,1
5322,M1193,1,0,1
5323,M1194,1,1,2
5324,M1196,9,5,14
5325,M1197,2,0,2
5326,M1199,1,1,2
5327,M1209,0,2,2
5328,M122,5,6,11
5329,M1223,0,1,1
5330,M1224,5,8,13
5331,M1226,6,13,19
5332,M1227,2,2,4
5333,M123,5,11,16
5334,M1230,3,6,9
5335,M1236,0,1,1
5336,M1239,6,11,17
5337,M125,1,2,3
5338,M1251,1,0,1
5339,M1253,1,1,2
5340,M1254,2,0,2
5341,M1257,3,6,9
5342,M128,8,9,17
5343,M1280,1,4,5
5344,M1281,2,0,2
5345,M1282,0,1,1
5346,M1284,0,1,1
5347,M1285,1,0,1
5348,M1286,0,1,1
5349,M1288,6,6,12
5350,M1289,1,1,2
5351,M130,133,214,347
5352,M1300,42,95,137
5353,M1303,1,0,1
5354,M1304,3,8,11
5355,M1305,2,0,2
5356,M1306,3,4,7
5357,M1309,19,36,55
5358,M131,28,17,45
5359,M1310,1,0,1
5360,M1311,2,3,5
5361,M1312,2,0,2
5362,M1313,2,2,4
5363,M1314,0,4,4
5364,M1315,1,3,4
5365,M1316,14,10,24
5366,M1317,4,5,9
5367,M132,5,2,7
5368,M133,0,2,2
5369,M136,3,4,7
5370,M137,0,1,1
5371,M138,16,34,50
5372,M1380,13,9,22
5373,M1381,1,2,3
5374,M1383,3,1,4
5375,M1384,5,5,10
5376,M1385,2,3,5
5377,M1386,5,8,13
5378,M1387,3,6,9
5379,M1388,0,3,3
5380,M1389,17,12,29
5381,M139,1922,3378,5300
5382,M1390,320,699,1019
5383,M1391,166,193,359
5384,M1392,18,17,35
5385,M1393,45,70,115
5386,M1394,248,509,757
5387,M1395,162,210,372
5388,M1396,437,457,894
5389,M1397,241,369,610
5390,M1398,91,126,217
5391,M1399,1400,2177,3577
5392,M141,57,26,83
5393,M142,5,8,13
5394,M143,1,0,1
5395,M144,1,3,4
5396,M145,3,3,6
5397,M146,48,16,64
5398,M148,7,4,11
5399,M149,1,1,2
5400,M150,150,258,408
5401,M1500,3,2,5
5402,M151,6,46,52
5403,M152,4,37,41
5404,M153,4,11,15
5405,M154,2,12,14
5406,M158,17,9,26
5407,M159,1365,2466,3831
5408,M1599,6,11,17
5409,M160,321,367,688
5410,M161,1311,1810,3121
5411,M162,4,16,20
5412,M163,18,89,107
5413,M164,4,7,11
5414,M165,23,33,56
5415,M166,10,7,17
5416,M167,57,76,133
5417,M169,3659,5093,8752
5418,M170,569,535,1104
5419,M171,2168,2151,4319
5420,M172,7,4,11
5421,M173,73,32,105
5422,M174,9,9,18
5423,M175,31,39,70
5424,M179,7689,7955,15644
5425,M180,28,87,115
5426,M181,58,193,251
5427,M182,1,0,1
5428,M183,6,6,12
5429,M185,0,1,1
5430,M189,249,747,996
5431,M190,76,88,164
5432,M1900,11,24,35
5433,M1901,133,128,261
5434,M1902,37,10,47
5435,M1903,20,36,56
5436,M1904,36,109,145
5437,M1905,0,3,3
5438,M1906,8,6,14
5439,M1907,144,245,389
5440,M1908,2,10,12
5441,M1909,34,53,87
5442,M191,15,12,27
5443,M1910,1,1,2
5444,M1911,15,18,33
5445,M1912,11,2,13
5446,M1913,21,8,29
5447,M1914,7,17,24
5448,M1915,0,3,3
5449,M1916,1,5,6
5450,M1917,84,72,156
5451,M1918,1,2,3
5452,M1919,2,2,4
5453,M192,7,6,13
5454,M1920,0,3,3
5455,M1921,3,6,9
5456,M1922,2,1,3
5457,M1923,4,5,9
5458,M1924,2,6,8
5459,M1925,2,1,3
5460,M1926,1,0,1
5461,M1927,21,24,45
5462,M1929,1,3,4
5463,M198,12,24,36
5464,M1980,0,3,3
5465,M1981,2,6,8
5466,M1983,1,0,1
5467,M1984,2,4,6
5468,M1985,0,1,1
5469,M1986,2,5,7
5470,M1987,4,5,9
5471,M1988,0,4,4
5472,M1989,1,7,8
5473,M199,2598,4433,7031
5474,M1990,204,416,620
5475,M1991,876,1026,1902
5476,M1992,92,46,138
5477,M1993,119,175,294
5478,M1994,336,895,1231
5479,M1995,83,92,175
5480,M1996,145,114,259
5481,M1997,820,1584,2404
5482,M1998,67,165,232
5483,M1999,1537,2648,4185
5484,M200,91,119,210
5485,M201,570,5172,5742
5486,M202,344,1020,1364
5487,M203,45,141,186
5488,M204,276,1494,1770
5489,M205,277,1336,1613
5490,M206,52,234,286
5491,M210,10,21,31
5492,M2103,1,0,1
5493,M2105,0,6,6
5494,M2106,46,89,135
5495,M2107,33,85,118
5496,M2109,2,0,2
5497,M211,29,32,61
5498,M2111,0,1,1
5499,M2115,3,6,9
5500,M2116,155,84,239
5501,M2117,31,39,70
5502,M2119,1,0,1
5503,M212,30,13,43
5504,M2120,2,4,6
5505,M2121,0,2,2
5506,M2122,1,2,3
5507,M2123,3,2,5
5508,M2124,32,20,52
5509,M2125,6,10,16
5510,M2126,44,23,67
5511,M2127,12,43,55
5512,M2129,2,0,2
5513,M213,46,40,86
5514,M2130,1,0,1
5515,M2133,5,7,12
5516,M2136,1,1,2
5517,M2137,133,101,234
5518,M2139,2,1,3
5519,M214,45,116,161
5520,M2147,14,31,45
5521,M2149,1,1,2
5522,M215,7,20,27
5523,M2153,1,0,1
5524,M2154,5,4,9
5525,M2157,17,58,75
5526,M2159,1,0,1
5527,M216,53,80,133
5528,M2160,1,1,2
5529,M2164,0,1,1
5530,M2167,27,45,72
5531,M217,5,10,15
5532,M2173,2,6,8
5533,M2175,13,20,33
5534,M2176,9,10,19
5535,M2177,1,1,2
5536,M2178,0,1,1
5537,M2179,0,1,1
5538,M218,2,9,11
5539,M2180,0,1,1
5540,M2181,2,1,3
5541,M2182,2,1,3
5542,M2183,5,2,7
5543,M2184,0,5,5
5544,M2185,6,9,15
5545,M2186,5,7,12
5546,M2187,3,8,11
5547,M219,6,11,17
5548,M2190,1,0,1
5549,M2191,3,0,3
5550,M2192,0,3,3
5551,M2193,2,1,3
5552,M2194,3,4,7
5553,M2195,3,1,4
5554,M2196,1,4,5
5555,M2197,3,5,8
5556,M220,11,13,24
5557,M221,10,25,35
5558,M2210,1,0,1
5559,M222,90,99,189
5560,M223,30,39,69
5561,M224,173,178,351
5562,M228,77,94,171
5563,M229,6,9,15
5564,M230,15,15,30
5565,M2300,1,1,2
5566,M2301,3,1,4
5567,M2302,5,1,6
5568,M2303,26,8,34
5569,M2304,13,6,19
5570,M2305,1,4,5
5571,M2306,18,20,38
5572,M2309,11,6,17
5573,M231,2,5,7
5574,M2310,0,2,2
5575,M2314,1,2,3
5576,M2315,1,0,1
5577,M2316,17,23,40
5578,M2319,1,2,3
5579,M232,808,496,1304
5580,M2320,484,464,948
5581,M2321,228,137,365
5582,M2322,1580,977,2557
5583,M2323,2024,1369,3393
5584,M2324,161,146,307
5585,M2325,132,117,249
5586,M2326,430,544,974
5587,M2327,2,0,2
5588,M2329,93,75,168
5589,M233,321,246,567
5590,M2330,248,200,448
5591,M2331,41,18,59
5592,M2332,399,269,668
5593,M2333,652,469,1121
5594,M2334,44,51,95
5595,M2335,38,37,75
5596,M2336,239,277,516
5597,M2337,2,1,3
5598,M2339,65,56,121
5599,M234,275,270,545
5600,M2340,3,4,7
5601,M2341,8,3,11
5602,M2342,4,0,4
5603,M2343,18,9,27
5604,M2344,5,2,7
5605,M2345,0,1,1
5606,M2346,12,6,18
5607,M2349,100,71,171
5608,M235,52,43,95
5609,M2350,4,3,7
5610,M2351,74,49,123
5611,M2352,5,3,8
5612,M2353,2,2,4
5613,M2354,2,1,3
5614,M2355,0,1,1
5615,M2356,4,1,5
5616,M2357,1,1,2
5617,M2359,11,9,20
5618,M236,12,6,18
5619,M2360,2,0,2
5620,M2361,60,32,92
5621,M2362,2,1,3
5622,M2363,2,2,4
5623,M2366,0,1,1
5624,M2369,1,2,3
5625,M238,455,393,848
5626,M2380,27,27,54
5627,M2381,300,173,473
5628,M2382,25,9,34
5629,M2383,66,43,109
5630,M2384,6,4,10
5631,M2386,18,14,32
5632,M2387,5,3,8
5633,M2389,159,159,318
5634,M239,61,35,96
5635,M2390,3,1,4
5636,M2391,4,1,5
5637,M2392,2,0,2
5638,M2393,8,6,14
5639,M2396,1,1,2
5640,M2397,1,0,1
5641,M2399,27,17,44
5642,M240,22,16,38
5643,M2401,18,19,37
5644,M2402,57,17,74
5645,M2403,11,6,17
5646,M2404,5,7,12
5647,M2405,3,5,8
5648,M2406,5,3,8
5649,M2407,43,45,88
5650,M2409,0,1,1
5651,M241,44,33,77
5652,M2410,0,2,2
5653,M2411,51,50,101
5654,M2412,2,2,4
5655,M2413,26,27,53
5656,M2414,4,3,7
5657,M2415,36,70,106
5658,M2416,258,229,487
5659,M2417,34,36,70
5660,M2418,0,2,2
5661,M2419,1,2,3
5662,M242,28,20,48
5663,M2420,1,1,2
5664,M2421,16,13,29
5665,M2422,1,1,2
5666,M2423,28,20,48
5667,M2424,18,27,45
5668,M2425,0,4,4
5669,M2426,29,11,40
5670,M2427,35,46,81
5671,M2428,11,14,25
5672,M243,1,5,6
5673,M2431,3,1,4
5674,M2433,0,1,1
5675,M2434,1,6,7
5676,M2435,0,1,1
5677,M2436,1,1,2
5678,M2437,7,29,36
5679,M2438,1,1,2
5680,M244,25,20,45
5681,M2440,0,1,1
5682,M2441,84,41,125
5683,M2442,1,1,2
5684,M2443,3,3,6
5685,M2444,13,11,24
5686,M2445,8,12,20
5687,M2446,1,2,3
5688,M2447,17,38,55
5689,M2448,0,1,1
5690,M245,11,22,33
5691,M2450,2,1,3
5692,M2451,25,19,44
5693,M2452,4,8,12
5694,M2453,3,5,8
5695,M2454,37,36,73
5696,M2455,4,11,15
5697,M2456,19,12,31
5698,M2457,5,17,22
5699,M2459,3,1,4
5700,M246,6,5,11
5701,M2460,1,0,1
5702,M2461,2,1,3
5703,M2464,5,5,10
5704,M2465,9,2,11
5705,M2466,8,9,17
5706,M2467,13,13,26
5707,M2468,0,3,3
5708,M2469,1,0,1
5709,M247,8,32,40
5710,M2475,9,17,26
5711,M2478,0,1,1
5712,M2479,0,1,1
5713,M248,30,26,56
5714,M2480,1,0,1
5715,M2481,13,9,22
5716,M2482,4,3,7
5717,M2483,1,21,22
5718,M2484,6,16,22
5719,M2485,15,33,48
5720,M2486,31,30,61
5721,M2487,16,32,48
5722,M2488,2,6,8
5723,M249,4,3,7
5724,M2491,5,2,7
5725,M2493,1,0,1
5726,M2494,1,3,4
5727,M2496,5,1,6
5728,M2497,2,1,3
5729,M250,7,4,11
5730,M2500,1,0,1
5731,M2501,1,1,2
5732,M2503,1,0,1
5733,M2504,2,2,4
5734,M2505,2,2,4
5735,M2506,41,37,78
5736,M2507,4,1,5
5737,M2509,1,0,1
5738,M251,3,0,3
5739,M2511,2,0,2
5740,M2512,1,1,2
5741,M2515,0,1,1
5742,M2516,0,2,2
5743,M2521,1,0,1
5744,M2522,0,1,1
5745,M2524,0,1,1
5746,M2525,0,2,2
5747,M2526,2,1,3
5748,M2527,1,1,2
5749,M2528,0,1,1
5750,M253,16,8,24
5751,M2531,32,23,55
5752,M2532,1,2,3
5753,M2533,6,10,16
5754,M2534,13,26,39
5755,M2535,1,1,2
5756,M2536,13,19,32
5757,M2537,32,57,89
5758,M2538,0,1,1
5759,M2539,0,2,2
5760,M254,116,92,208
5761,M2540,17,12,29
5762,M2541,8,12,20
5763,M2542,25,11,36
5764,M2543,21,19,40
5765,M2544,10,10,20
5766,M2545,24,22,46
5767,M2546,438,308,746
5768,M2547,94,102,196
5769,M2548,3,2,5
5770,M2549,1,1,2
5771,M255,670,783,1453
5772,M2550,141,208,349
5773,M2551,466,573,1039
5774,M2552,37,51,88
5775,M2553,97,160,257
5776,M2554,81,149,230
5777,M2555,560,1101,1661
5778,M2556,983,956,1939
5779,M2557,249,503,752
5780,M2558,10,35,45
5781,M2559,39,72,111
5782,M256,43,48,91
5783,M2560,4,12,16
5784,M2561,52,72,124
5785,M2562,11,15,26
5786,M2563,3,11,14
5787,M2564,33,40,73
5788,M2565,5,8,13
5789,M2566,66,57,123
5790,M2567,11,40,51
5791,M2568,17,14,31
5792,M2569,1,2,3
5793,M257,189,216,405
5794,M2570,4,5,9
5795,M2571,81,89,170
5796,M2572,48,18,66
5797,M2573,5,7,12
5798,M2574,54,170,224
5799,M2575,138,192,330
5800,M2576,351,337,688
5801,M2577,276,514,790
5802,M2578,158,144,302
5803,M2579,7,10,17
5804,M258,38,70,108
5805,M2580,1,2,3
5806,M2581,20,30,50
5807,M2582,6,4,10
5808,M2583,18,21,39
5809,M2584,46,97,143
5810,M2585,38,51,89
5811,M2586,70,73,143
5812,M2587,49,55,104
5813,M2588,16,17,33
5814,M2589,0,1,1
5815,M259,18,14,32
5816,M2590,3,4,7
5817,M2591,20,5,25
5818,M2592,3,2,5
5819,M2593,6,5,11
5820,M2594,8,17,25
5821,M2595,7,13,20
5822,M2596,46,36,82
5823,M2597,13,24,37
5824,M2598,3,2,5
5825,M2599,3,7,10
5826,M261,0,2,2
5827,M271,31,12,43
5828,M272,3,1,4
5829,M273,17,2,19
5830,M274,8,1,9
5831,M275,4,1,5
5832,M277,1,0,1
5833,M281,2,0,2
5834,M282,1,2,3
5835,M283,3,0,3
5836,M292,19,13,32
5837,M293,33,18,51
5838,M294,0,8,8
5839,M295,0,1,1
5840,M298,1,1,2
5841,M300,20,11,31
5842,M301,28,26,54
5843,M303,1,1,2
5844,M308,5,4,9
5845,M309,12,2,14
5846,M310,7,7,14
5847,M311,28,17,45
5848,M312,0,2,2
5849,M313,74,57,131
5850,M314,1,8,9
5851,M315,15,44,59
5852,M316,120,262,382
5853,M317,7,9,16
5854,M318,5,9,14
5855,M319,13,7,20
5856,M320,1,6,7
5857,M321,7,28,35
5858,M322,2,1,3
5859,M325,1,1,2
5860,M328,4,10,14
5861,M329,43,244,287
5862,M3290,0,2,2
5863,M331,11,21,32
5864,M332,13,22,35
5865,M339,2,2,4
5866,M340,3,6,9
5867,M341,10,41,51
5868,M342,1,1,2
5869,M348,8,29,37
5870,M349,19,95,114
5871,M350,52,428,480
5872,M351,8,32,40
5873,M352,4,19,23
5874,M353,484,864,1348
5875,M354,3,3,6
5876,M355,1,1,2
5877,M357,9,70,79
5878,M358,3,18,21
5879,M359,38,92,130
5880,M3599,0,1,1
5881,M360,0,4,4
5882,M361,1,0,1
5883,M362,2,1,3
5884,M368,4,8,12
5885,M382,2,2,4
5886,M383,0,1,1
5887,M400,1,0,1
5888,M4004,1,2,3
5889,M4005,0,1,1
5890,M401,1,1,2
5891,M4010,1,1,2
5892,M4012,3,0,3
5893,M4014,1,6,7
5894,M4016,0,1,1
5895,M4017,0,1,1
5896,M4019,0,2,2
5897,M402,23,31,54
5898,M4020,1,2,3
5899,M4022,6,6,12
5900,M4023,1,0,1
5901,M4024,26,36,62
5902,M4025,2,9,11
5903,M4026,8,10,18
5904,M4027,1,2,3
5905,M4028,1,0,1
5906,M4029,15,16,31
5907,M4036,1,1,2
5908,M4040,1,0,1
5909,M4042,2,0,2
5910,M4046,1,3,4
5911,M4049,0,1,1
5912,M405,0,4,4
5913,M4052,6,4,10
5914,M4054,1,0,1
5915,M4056,8,6,14
5916,M4057,0,1,1
5917,M4058,1,0,1
5918,M4059,2,2,4
5919,M410,1,0,1
5920,M4109,1,0,1
5921,M411,1,3,4
5922,M4110,1,1,2
5923,M4113,1,0,1
5924,M4115,0,3,3
5925,M4116,0,4,4
5926,M4119,0,2,2
5927,M412,2,4,6
5928,M4120,0,1,1
5929,M4122,0,1,1
5930,M4125,1,6,7
5931,M4126,1,3,4
5932,M4127,0,1,1
5933,M4129,0,4,4
5934,M413,3,1,4
5935,M4134,2,3,5
5936,M4135,0,2,2
5937,M4137,1,0,1
5938,M4139,0,1,1
5939,M414,3,3,6
5940,M4140,0,3,3
5941,M4145,0,2,2
5942,M4146,0,1,1
5943,M4147,0,1,1
5944,M4149,2,5,7
5945,M415,3,1,4
5946,M4154,2,3,5
5947,M4155,1,4,5
5948,M4156,4,14,18
5949,M4157,0,1,1
5950,M4159,0,1,1
5951,M418,7,16,23
5952,M4180,0,4,4
5953,M4184,1,1,2
5954,M4185,2,6,8
5955,M4186,11,42,53
5956,M4187,1,1,2
5957,M4189,2,3,5
5958,M419,111,328,439
5959,M4190,9,25,34
5960,M4192,4,5,9
5961,M4193,1,3,4
5962,M4194,6,41,47
5963,M4195,14,52,66
5964,M4196,79,288,367
5965,M4197,6,16,22
5966,M4198,1,5,6
5967,M4199,53,204,257
5968,M420,1,3,4
5969,M4200,0,1,1
5970,M4204,1,1,2
5971,M4206,1,0,1
5972,M4209,2,3,5
5973,M421,65,15,80
5974,M422,27,15,42
5975,M423,1,0,1
5976,M429,4,1,5
5977,M4290,0,1,1
5978,M4296,0,2,2
5979,M430,33,33,66
5980,M4300,2,4,6
5981,M4302,41,60,101
5982,M4303,1,1,2
5983,M4304,1,1,2
5984,M4305,1,1,2
5985,M4306,31,31,62
5986,M4307,3,8,11
5987,M4308,2,3,5
5988,M4309,9,15,24
5989,M431,56,137,193
5990,M4310,6,8,14
5991,M4311,1,0,1
5992,M4312,20,23,43
5993,M4313,2,3,5
5994,M4314,3,3,6
5995,M4315,1,5,6
5996,M4316,275,641,916
5997,M4317,97,152,249
5998,M4318,0,2,2
5999,M4319,17,29,46
6000,M432,8,22,30
6001,M4320,0,1,1
6002,M4322,4,5,9
6003,M4324,1,1,2
6004,M4326,4,7,11
6005,M4327,3,5,8
6006,M4328,3,0,3
6007,M4329,3,10,13
6008,M433,3,7,10
6009,M4331,0,1,1
6010,M4332,0,1,1
6011,M434,3,19,22
6012,M4341,1,2,3
6013,M4344,0,1,1
6014,M4346,0,1,1
6015,M435,1,0,1
6016,M4351,0,1,1
6017,M4352,2,1,3
6018,M4356,0,1,1
6019,M436,24,48,72
6020,M4360,1,0,1
6021,M4362,15,17,32
6022,M4363,1,0,1
6023,M4369,3,5,8
6024,M438,0,1,1
6025,M4381,1,1,2
6026,M4382,5,1,6
6027,M4384,0,1,1
6028,M4386,2,7,9
6029,M4387,3,2,5
6030,M439,8,13,21
6031,M4392,2,0,2
6032,M4396,1,3,4
6033,M4399,4,8,12
6034,M441,13,0,13
6035,M442,4,0,4
6036,M444,1,0,1
6037,M448,1,3,4
6038,M45,269,107,376
6039,M451,46,54,100
6040,M452,6,0,6
6041,M453,9,7,16
6042,M455,16,13,29
6043,M458,41,15,56
6044,M459,824,554,1378
6045,M45X0,41,16,57
6046,M45X1,0,3,3
6047,M45X2,25,15,40
6048,M45X3,1,0,1
6049,M45X4,1,0,1
6050,M45X6,8,2,10
6051,M45X7,5,2,7
6052,M45X8,4,0,4
6053,M45X9,201,76,277
6054,M460,1,0,1
6055,M4600,0,1,1
6056,M4606,8,9,17
6057,M4609,0,1,1
6058,M461,18,69,87
6059,M4616,0,1,1
6060,M4617,1,4,5
6061,M4618,7,20,27
6062,M4619,4,5,9
6063,M462,6,6,12
6064,M4620,1,1,2
6065,M4622,3,2,5
6066,M4624,10,3,13
6067,M4626,9,5,14
6068,M4627,1,1,2
6069,M4628,0,1,1
6070,M4629,2,2,4
6071,M463,4,0,4
6072,M4630,1,1,2
6073,M4632,5,0,5
6074,M4634,5,5,10
6075,M4635,0,1,1
6076,M4636,10,5,15
6077,M464,23,10,33
6078,M4640,4,6,10
6079,M4642,6,4,10
6080,M4644,21,5,26
6081,M4645,3,1,4
6082,M4646,40,18,58
6083,M4647,4,5,9
6084,M4648,2,0,2
6085,M4649,5,6,11
6086,M465,0,1,1
6087,M4652,1,0,1
6088,M4655,0,1,1
6089,M4656,4,3,7
6090,M4657,1,0,1
6091,M4659,1,0,1
6092,M468,1,1,2
6093,M4680,0,1,1
6094,M4682,4,1,5
6095,M4686,4,1,5
6096,M4687,1,0,1
6097,M4689,1,0,1
6098,M469,111,228,339
6099,M4690,18,39,57
6100,M4691,1,1,2
6101,M4692,101,153,254
6102,M4693,1,1,2
6103,M4694,3,3,6
6104,M4695,1,1,2
6105,M4696,56,103,159
6106,M4697,23,26,49
6107,M4698,4,7,11
6108,M4699,104,188,292
6109,M470,2,1,3
6110,M4700,2,0,2
6111,M471,26,15,41
6112,M4710,4,1,5
6113,M4712,73,60,133
6114,M4713,1,0,1
6115,M4714,6,0,6
6116,M4715,1,0,1
6117,M4716,9,10,19
6118,M4717,1,1,2
6119,M4719,1,1,2
6120,M472,37,37,74
6121,M4720,8,9,17
6122,M4722,80,75,155
6123,M4723,0,5,5
6124,M4724,0,1,1
6125,M4725,2,0,2
6126,M4726,117,163,280
6127,M4727,20,33,53
6128,M4728,0,3,3
6129,M4729,1,4,5
6130,M473,209,12,221
6131,M474,21,33,54
6132,M475,2,0,2
6133,M478,388,595,983
6134,M4780,140,242,382
6135,M4781,1,0,1
6136,M4782,782,1179,1961
6137,M4783,3,8,11
6138,M4784,16,21,37
6139,M4785,4,26,30
6140,M4786,563,962,1525
6141,M4787,122,208,330
6142,M4788,17,17,34
6143,M4789,64,91,155
6144,M479,516,679,1195
6145,M4790,99,153,252
6146,M4791,1,2,3
6147,M4792,287,399,686
6148,M4793,2,7,9
6149,M4794,11,27,38
6150,M4795,5,10,15
6151,M4796,281,458,739
6152,M4797,73,101,174
6153,M4798,13,22,35
6154,M4799,203,379,582
6155,M480,332,358,690
6156,M4800,69,54,123
6157,M4801,0,1,1
6158,M4802,260,220,480
6159,M4803,3,4,7
6160,M4804,17,7,24
6161,M4805,4,4,8
6162,M4806,1208,1426,2634
6163,M4807,127,151,278
6164,M4808,8,10,18
6165,M4809,113,133,246
6166,M481,6,3,9
6167,M4810,4,0,4
6168,M4812,2,1,3
6169,M4814,3,0,3
6170,M4816,1,1,2
6171,M4817,1,2,3
6172,M4818,0,1,1
6173,M4819,3,1,4
6174,M4826,0,3,3
6175,M483,1,0,1
6176,M4832,1,0,1
6177,M4836,1,0,1
6178,M4839,1,0,1
6179,M484,0,1,1
6180,M4840,1,2,3
6181,M4844,3,6,9
6182,M4845,0,1,1
6183,M4846,2,5,7
6184,M4848,0,3,3
6185,M4849,0,1,1
6186,M485,17,12,29
6187,M4850,18,13,31
6188,M4852,4,4,8
6189,M4853,0,2,2
6190,M4854,58,80,138
6191,M4855,10,16,26
6192,M4856,43,54,97
6193,M4857,1,4,5
6194,M4858,1,3,4
6195,M4859,5,3,8
6196,M488,3,7,10
6197,M4880,1,1,2
6198,M4882,5,7,12
6199,M4884,1,0,1
6200,M4886,19,13,32
6201,M4887,4,8,12
6202,M4888,4,2,6
6203,M4889,3,1,4
6204,M489,11,10,21
6205,M4890,0,2,2
6206,M4892,3,8,11
6207,M4894,3,3,6
6208,M4896,7,10,17
6209,M4897,2,0,2
6210,M4898,0,1,1
6211,M4899,7,5,12
6212,M490,0,3,3
6213,M4902,1,0,1
6214,M4906,0,1,1
6215,M4909,0,1,1
6216,M493,3,2,5
6217,M4939,1,0,1
6218,M494,11,10,21
6219,M4942,2,0,2
6220,M4949,1,0,1
6221,M495,11,13,24
6222,M4950,8,10,18
6223,M4952,3,3,6
6224,M4954,36,24,60
6225,M4955,2,3,5
6226,M4956,18,12,30
6227,M4957,0,1,1
6228,M4959,0,1,1
6229,M496,4,0,4
6230,M498,1,2,3
6231,M4986,0,1,1
6232,M500,217,155,372
6233,M501,255,224,479
6234,M502,165,165,330
6235,M503,172,208,380
6236,M508,11,11,22
6237,M509,16,16,32
6238,M510,118,153,271
6239,M511,1387,1792,3179
6240,M5119,1,0,1
6241,M512,1097,1336,2433
6242,M513,974,1498,2472
6243,M5137,6,8,14
6244,M514,18,20,38
6245,M518,65,82,147
6246,M519,52,59,111
6247,M521,0,3,3
6248,M522,0,1,1
6249,M523,0,28,28
6250,M5319,1,0,1
6251,M532,5,3,8
6252,M5320,1,0,1
6253,M5321,0,3,3
6254,M5322,4,6,10
6255,M5323,1,0,1
6256,M5324,0,1,1
6257,M5326,4,11,15
6258,M5327,0,6,6
6259,M5328,0,3,3
6260,M5329,1,1,2
6261,M533,57,277,334
6262,M5330,0,1,1
6263,M5335,0,1,1
6264,M5336,0,1,1
6265,M5337,0,5,5
6266,M5338,18,92,110
6267,M5339,4,10,14
6268,M536,0,40,40
6269,M538,3,65,68
6270,M5380,0,1,1
6271,M5381,0,1,1
6272,M5382,8,11,19
6273,M5384,1,1,2
6274,M5386,2,8,10
6275,M5388,1,3,4
6276,M5389,1,1,2
6277,M539,5,8,13
6278,M5392,1,1,2
6279,M5394,1,1,2
6280,M5396,2,18,20
6281,M5397,0,2,2
6282,M5399,3,5,8
6283,M540,3,6,9
6284,M5400,0,1,1
6285,M5406,2,2,4
6286,M5407,0,1,1
6287,M5409,3,2,5
6288,M541,77,112,189
6289,M5410,5,6,11
6290,M5411,1,0,1
6291,M5412,57,76,133
6292,M5413,4,3,7
6293,M5414,4,12,16
6294,M5415,1,2,3
6295,M5416,160,222,382
6296,M5417,37,60,97
6297,M5418,16,27,43
6298,M5419,15,35,50
6299,M542,379,569,948
6300,M5420,0,3,3
6301,M5421,5,12,17
6302,M5422,327,444,771
6303,M5423,10,16,26
6304,M5424,1,0,1
6305,M5428,3,4,7
6306,M5429,34,52,86
6307,M543,409,603,1012
6308,M5430,2,7,9
6309,M5432,1,1,2
6310,M5433,1,0,1
6311,M5434,0,1,1
6312,M5435,1,2,3
6313,M5436,96,186,282
6314,M5437,36,52,88
6315,M5438,11,28,39
6316,M5439,219,292,511
6317,M544,110,168,278
6318,M5440,1,2,3
6319,M5444,0,1,1
6320,M5445,1,1,2
6321,M5446,66,124,190
6322,M5447,30,33,63
6323,M5448,1,1,2
6324,M5449,31,47,78
6325,M545,1449,1982,3431
6326,M5450,46,72,118
6327,M5452,1,4,5
6328,M5453,2,1,3
6329,M5454,4,12,16
6330,M5455,15,34,49
6331,M5456,856,1275,2131
6332,M5457,261,519,780
6333,M5458,79,181,260
6334,M5459,800,1059,1859
6335,M546,45,78,123
6336,M5460,0,1,1
6337,M5463,3,7,10
6338,M5464,34,86,120
6339,M5465,1,4,5
6340,M5466,0,2,2
6341,M5467,1,0,1
6342,M5469,2,1,3
6343,M548,23,49,72
6344,M5480,7,8,15
6345,M5482,0,1,1
6346,M5483,0,1,1
6347,M5484,7,6,13
6348,M5485,0,4,4
6349,M5486,5,9,14
6350,M5487,2,6,8
6351,M5488,4,4,8
6352,M5489,14,21,35
6353,M549,1013,1461,2474
6354,M5490,35,44,79
6355,M5491,0,2,2
6356,M5492,7,20,27
6357,M5493,2,8,10
6358,M5494,33,50,83
6359,M5495,8,8,16
6360,M5496,102,138,240
6361,M5497,16,44,60
6362,M5498,15,30,45
6363,M5499,634,882,1516
6364,M553,0,1,1
6365,M562,0,1,1
6366,M563,0,7,7
6367,M568,0,3,3
6368,M582,0,7,7
6369,M588,0,3,3
6370,M600,14,5,19
6371,M6000,2,2,4
6372,M6001,1,0,1
6373,M6005,12,21,33
6374,M6006,4,0,4
6375,M6008,18,9,27
6376,M6009,1,1,2
6377,M601,1,0,1
6378,M6018,1,0,1
6379,M602,0,5,5
6380,M6021,2,0,2
6381,M6023,2,0,2
6382,M6024,2,6,8
6383,M6025,0,1,1
6384,M6027,2,1,3
6385,M6028,0,3,3
6386,M6029,1,0,1
6387,M608,7,4,11
6388,M6080,0,2,2
6389,M6085,3,0,3
6390,M6086,1,1,2
6391,M6089,4,5,9
6392,M609,19,12,31
6393,M6090,0,5,5
6394,M6091,2,4,6
6395,M6092,1,0,1
6396,M6093,1,0,1
6397,M6095,5,10,15
6398,M6096,4,1,5
6399,M6097,2,0,2
6400,M6098,1,2,3
6401,M6099,10,17,27
6402,M610,1,1,2
6403,M6106,1,0,1
6404,M611,111,0,111
6405,M6115,1,0,1
6406,M612,13,0,13
6407,M6125,2,0,2
6408,M613,2,1,3
6409,M614,1,1,2
6410,M6141,1,0,1
6411,M6144,1,0,1
6412,M615,0,1,1
6413,M6150,0,1,1
6414,M6152,0,1,1
6415,M6155,1,0,1
6416,M6156,1,1,2
6417,M6158,0,1,1
6418,M6159,0,1,1
6419,M618,3,0,3
6420,M619,21,2,23
6421,M6190,0,1,1
6422,M6191,1,1,2
6423,M6192,1,0,1
6424,M6195,1,0,1
6425,M6196,0,1,1
6426,M620,1,0,1
6427,M6205,0,1,1
6428,M6208,15,5,20
6429,M6209,1,1,2
6430,M621,3,1,4
6431,M6211,13,4,17
6432,M6212,3,3,6
6433,M6214,1,2,3
6434,M6215,1,8,9
6435,M6216,2,2,4
6436,M6217,3,1,4
6437,M6218,2,1,3
6438,M622,5,0,5
6439,M6225,3,0,3
6440,M6226,8,0,8
6441,M6227,1,0,1
6442,M623,2,2,4
6443,M6238,1,0,1
6444,M624,2,2,4
6445,M6240,0,1,1
6446,M6241,0,1,1
6447,M6242,1,0,1
6448,M6243,0,1,1
6449,M6244,1,0,1
6450,M6245,1,1,2
6451,M6246,3,2,5
6452,M6247,0,2,2
6453,M6248,1,3,4
6454,M625,14,6,20
6455,M6250,13,6,19
6456,M6251,7,1,8
6457,M6252,3,1,4
6458,M6254,6,6,12
6459,M6255,8,4,12
6460,M6256,13,3,16
6461,M6257,2,0,2
6462,M6258,5,2,7
6463,M6259,7,8,15
6464,M626,3,8,11
6465,M6260,2,0,2
6466,M6261,1,0,1
6467,M6265,9,6,15
6468,M6266,10,4,14
6469,M6268,8,6,14
6470,M6269,2,2,4
6471,M628,73,82,155
6472,M6280,39,31,70
6473,M6281,20,15,35
6474,M6282,14,14,28
6475,M6283,9,5,14
6476,M6284,7,8,15
6477,M6285,26,36,62
6478,M6286,34,25,59
6479,M6287,3,4,7
6480,M6288,34,42,76
6481,M6289,31,31,62
6482,M629,11,4,15
6483,M6290,1,1,2
6484,M6291,2,3,5
6485,M6292,1,1,2
6486,M6293,1,0,1
6487,M6294,0,2,2
6488,M6295,0,4,4
6489,M6296,2,4,6
6490,M6297,1,1,2
6491,M6298,2,1,3
6492,M6299,5,3,8
6493,M632,0,1,1
6494,M633,0,1,1
6495,M638,1,0,1
6496,M642,1,0,1
6497,M644,1,0,1
6498,M647,2,0,2
6499,M650,1,0,1
6500,M6501,0,1,1
6501,M6502,1,1,2
6502,M6503,1,0,1
6503,M6504,2,4,6
6504,M6506,0,1,1
6505,M6507,1,0,1
6506,M651,93,8,101
6507,M6511,1,0,1
6508,M6513,1,0,1
6509,M6514,16,28,44
6510,M6515,2,0,2
6511,M6516,3,4,7
6512,M652,5,7,12
6513,M6521,2,8,10
6514,M6524,0,2,2
6515,M6525,1,1,2
6516,M6526,2,2,4
6517,M6527,2,2,4
6518,M6529,1,0,1
6519,M653,822,978,1800
6520,M6530,0,2,2
6521,M6532,0,2,2
6522,M6533,3,1,4
6523,M6534,330,506,836
6524,M6535,0,1,1
6525,M6536,1,0,1
6526,M6539,4,2,6
6527,M654,33,105,138
6528,M6543,16,82,98
6529,M6544,12,42,54
6530,M6549,0,3,3
6531,M655,8,0,8
6532,M658,41,36,77
6533,M6580,0,1,1
6534,M6581,9,11,20
6535,M6582,0,2,2
6536,M6583,8,17,25
6537,M6584,22,32,54
6538,M6585,3,6,9
6539,M6586,26,21,47
6540,M6587,4,15,19
6541,M6588,0,3,3
6542,M6589,0,3,3
6543,M659,150,180,330
6544,M6590,12,18,30
6545,M6591,124,132,256
6546,M6592,20,19,39
6547,M6593,57,90,147
6548,M6594,55,127,182
6549,M6595,16,42,58
6550,M6596,376,340,716
6551,M6597,90,162,252
6552,M6598,1,2,3
6553,M6599,4,6,10
6554,M660,49,49,98
6555,M6605,1,0,1
6556,M6606,33,30,63
6557,M6609,3,0,3
6558,M661,0,1,1
6559,M6619,0,1,1
6560,M662,62,18,80
6561,M6622,1,1,2
6562,M6623,3,6,9
6563,M6624,23,45,68
6564,M6625,1,0,1
6565,M6626,1,2,3
6566,M6627,9,4,13
6567,M663,8,8,16
6568,M6631,4,5,9
6569,M6632,0,1,1
6570,M6633,1,3,4
6571,M6634,7,14,21
6572,M6635,0,1,1
6573,M6636,8,2,10
6574,M6637,3,3,6
6575,M664,3,6,9
6576,M6641,8,2,10
6577,M6642,3,1,4
6578,M6643,1,0,1
6579,M6644,1,3,4
6580,M6645,4,2,6
6581,M6646,16,9,25
6582,M6647,15,8,23
6583,M665,8,9,17
6584,M6651,1,1,2
6585,M6652,4,2,6
6586,M6654,2,4,6
6587,M6655,3,0,3
6588,M6656,5,1,6
6589,M6657,6,2,8
6590,M6658,1,0,1
6591,M668,2,0,2
6592,M670,13,13,26
6593,M671,38,52,90
6594,M672,40,42,82
6595,M674,803,1640,2443
6596,M6743,15,23,38
6597,M6745,1,0,1
6598,M6747,4,15,19
6599,M6749,0,2,2
6600,M678,258,280,538
6601,M679,89,121,210
6602,M6796,0,1,1
6603,M700,3,1,4
6604,M7003,1,0,1
6605,M7004,2,3,5
6606,M701,3,0,3
6607,M7014,2,0,2
6608,M702,283,31,314
6609,M7020,1,0,1
6610,M7021,1,1,2
6611,M7022,75,15,90
6612,M7023,6,1,7
6613,M7029,2,2,4
6614,M703,483,14,497
6615,M7032,14,1,15
6616,M704,124,30,154
6617,M7046,70,16,86
6618,M705,66,23,89
6619,M7056,19,6,25
6620,M706,97,445,542
6621,M7062,0,2,2
6622,M7065,31,147,178
6623,M7069,1,7,8
6624,M707,14,58,72
6625,M7075,5,10,15
6626,M7079,0,1,1
6627,M708,19,3,22
6628,M7081,1,3,4
6629,M7084,0,1,1
6630,M7085,0,1,1
6631,M7086,1,0,1
6632,M7089,0,2,2
6633,M709,1,2,3
6634,M7091,0,1,1
6635,M7092,1,0,1
6636,M7093,0,1,1
6637,M7095,1,0,1
6638,M7099,0,1,1
6639,M710,1,1,2
6640,M7102,3,0,3
6641,M7105,0,1,1
6642,M7106,6,5,11
6643,M7107,1,0,1
6644,M711,11,2,13
6645,M7112,24,3,27
6646,M7113,4,0,4
6647,M7115,0,1,1
6648,M7116,16,1,17
6649,M7117,0,1,1
6650,M712,131,150,281
6651,M7126,58,84,142
6652,M7127,0,1,1
6653,M7129,1,3,4
6654,M713,17,13,30
6655,M7131,0,2,2
6656,M7132,2,2,4
6657,M7133,2,0,2
6658,M7134,11,14,25
6659,M7135,0,1,1
6660,M7136,2,4,6
6661,M7137,7,6,13
6662,M7138,23,59,82
6663,M714,1,0,1
6664,M7141,2,3,5
6665,M7145,1,0,1
6666,M7148,0,1,1
6667,M715,1,1,2
6668,M7151,1,1,2
6669,M7152,3,0,3
6670,M7155,2,5,7
6671,M7156,3,4,7
6672,M7157,0,4,4
6673,M7158,0,2,2
6674,M7159,0,1,1
6675,M718,4,0,4
6676,M7181,3,10,13
6677,M7182,4,1,5
6678,M7185,0,4,4
6679,M7186,2,0,2
6680,M7187,0,5,5
6681,M7188,0,1,1
6682,M719,13,12,25
6683,M7191,3,5,8
6684,M7192,4,1,5
6685,M7193,1,0,1
6686,M7194,0,1,1
6687,M7195,0,9,9
6688,M7196,5,3,8
6689,M7197,1,14,15
6690,M7198,1,1,2
6691,M7199,1,4,5
6692,M720,1802,576,2378
6693,M7200,6,1,7
6694,M7201,0,1,1
6695,M7202,1,0,1
6696,M7203,1,0,1
6697,M7204,1016,290,1306
6698,M7207,1,4,5
6699,M7208,2,0,2
6700,M7209,17,1,18
6701,M721,4,4,8
6702,M7214,8,8,16
6703,M722,71,132,203
6704,M7220,1,0,1
6705,M7226,0,1,1
6706,M7227,34,74,108
6707,M7228,0,1,1
6708,M7229,3,4,7
6709,M723,1,1,2
6710,M7235,0,1,1
6711,M7236,1,1,2
6712,M7237,1,0,1
6713,M7238,0,1,1
6714,M7242,1,1,2
6715,M7244,0,1,1
6716,M7248,1,0,1
6717,M725,13,5,18
6718,M7250,2,0,2
6719,M7252,2,0,2
6720,M7253,2,2,4
6721,M7255,2,2,4
6722,M7256,2,2,4
6723,M7257,1,1,2
6724,M7258,5,5,10
6725,M7259,3,0,3
6726,M726,2,3,5
6727,M7260,1,3,4
6728,M7262,1,0,1
6729,M7263,1,0,1
6730,M7265,2,3,5
6731,M7266,4,1,5
6732,M7267,0,1,1
6733,M7268,2,7,9
6734,M728,1,2,3
6735,M7282,0,1,1
6736,M7285,1,0,1
6737,M7287,0,2,2
6738,M7288,2,0,2
6739,M729,4,2,6
6740,M7291,1,1,2
6741,M7293,0,1,1
6742,M7294,4,6,10
6743,M7295,1,0,1
6744,M7296,1,1,2
6745,M7297,2,1,3
6746,M7298,1,1,2
6747,M7304,1,0,1
6748,M731,2,0,2
6749,M736,5,0,5
6750,M75,0,1,1
6751,M750,562,951,1513
6752,M751,1798,1670,3468
6753,M752,100,92,192
6754,M753,110,222,332
6755,M754,2105,2402,4507
6756,M755,317,378,695
6757,M758,624,677,1301
6758,M7581,6,5,11
6759,M759,43,41,84
6760,M760,1,15,16
6761,M7600,0,1,1
6762,M7605,1,12,13
6763,M761,1,7,8
6764,M7615,1,8,9
6765,M7619,0,1,1
6766,M7629,0,1,1
6767,M763,41,5,46
6768,M7635,0,3,3
6769,M7637,1,0,1
6770,M764,24,48,72
6771,M7646,0,2,2
6772,M765,12,7,19
6773,M7656,11,3,14
6774,M7658,1,0,1
6775,M7659,1,0,1
6776,M766,41,49,90
6777,M7660,0,1,1
6778,M7666,16,20,36
6779,M7667,33,39,72
6780,M7669,1,1,2
6781,M767,3,6,9
6782,M7676,1,0,1
6783,M7677,3,4,7
6784,M768,13,19,32
6785,M7685,5,11,16
6786,M7686,17,12,29
6787,M7687,6,13,19
6788,M769,0,4,4
6789,M7695,0,2,2
6790,M7696,1,1,2
6791,M7697,0,3,3
6792,M7699,0,1,1
6793,M770,35,47,82
6794,M7702,37,54,91
6795,M7703,2,0,2
6796,M771,165,175,340
6797,M7710,1,0,1
6798,M7711,1,0,1
6799,M7712,106,146,252
6800,M7713,5,4,9
6801,M7715,1,0,1
6802,M7718,0,1,1
6803,M772,0,1,1
6804,M7723,1,0,1
6805,M773,10,20,30
6806,M7731,1,1,2
6807,M7737,2,10,12
6808,M7739,0,1,1
6809,M774,48,198,246
6810,M7740,0,1,1
6811,M7744,0,1,1
6812,M7746,0,1,1
6813,M7747,12,130,142
6814,M7749,0,5,5
6815,M775,15,56,71
6816,M7754,1,0,1
6817,M7757,6,33,39
6818,M778,3,0,3
6819,M7782,2,1,3
6820,M7783,1,0,1
6821,M7784,1,2,3
6822,M7785,1,0,1
6823,M7786,1,0,1
6824,M7787,2,1,3
6825,M779,33,40,73
6826,M7790,1,0,1
6827,M7791,57,91,148
6828,M7792,15,0,15
6829,M7793,4,4,8
6830,M7794,6,9,15
6831,M7795,3,9,12
6832,M7796,9,8,17
6833,M7797,14,36,50
6834,M7798,0,5,5
6835,M7799,1,2,3
6836,M790,47,277,324
6837,M7900,23,104,127
6838,M7901,1,12,13
6839,M7903,1,1,2
6840,M7904,2,2,4
6841,M7905,0,4,4
6842,M7906,1,5,6
6843,M7907,2,4,6
6844,M7908,8,21,29
6845,M7909,55,439,494
6846,M791,57,75,132
6847,M7910,50,51,101
6848,M7911,15,17,32
6849,M7912,2,2,4
6850,M7913,1,2,3
6851,M7914,0,1,1
6852,M7915,17,28,45
6853,M7916,15,28,43
6854,M7917,1,1,2
6855,M7918,37,58,95
6856,M7919,47,43,90
6857,M792,62,95,157
6858,M7920,19,15,34
6859,M7921,1,5,6
6860,M7922,1,3,4
6861,M7923,8,3,11
6862,M7924,3,1,4
6863,M7925,18,19,37
6864,M7926,23,27,50
6865,M7927,10,7,17
6866,M7928,32,46,78
6867,M7929,24,32,56
6868,M793,4,4,8
6869,M7930,2,1,3
6870,M7935,1,1,2
6871,M7936,1,4,5
6872,M7938,4,2,6
6873,M7939,2,4,6
6874,M794,14,16,30
6875,M7946,24,29,53
6876,M795,23,21,44
6877,M7950,0,1,1
6878,M7952,3,2,5
6879,M7953,4,5,9
6880,M7954,69,67,136
6881,M7955,1,4,5
6882,M7956,5,8,13
6883,M7957,9,17,26
6884,M7958,7,10,17
6885,M7959,0,1,1
6886,M796,457,705,1162
6887,M7960,166,189,355
6888,M7961,30,44,74
6889,M7962,141,182,323
6890,M7963,62,70,132
6891,M7964,67,96,163
6892,M7965,229,450,679
6893,M7966,1061,1555,2616
6894,M7967,178,328,506
6895,M7968,8,18,26
6896,M7969,99,151,250
6897,M797,111,785,896
6898,M7970,8,67,75
6899,M7971,0,2,2
6900,M7973,0,1,1
6901,M7974,0,1,1
6902,M7975,0,2,2
6903,M7976,0,4,4
6904,M7977,0,1,1
6905,M7978,2,7,9
6906,M7979,53,354,407
6907,M798,317,452,769
6908,M7980,50,70,120
6909,M7981,3,3,6
6910,M7982,35,45,80
6911,M7983,32,42,74
6912,M7984,78,91,169
6913,M7985,52,76,128
6914,M7986,1372,1532,2904
6915,M7987,100,127,227
6916,M7988,32,27,59
6917,M7989,82,96,178
6918,M799,13,20,33
6919,M7990,1,2,3
6920,M7991,0,3,3
6921,M7992,4,1,5
6922,M7993,2,4,6
6923,M7994,8,2,10
6924,M7995,4,3,7
6925,M7996,17,33,50
6926,M7997,6,8,14
6927,M7998,6,7,13
6928,M7999,3,16,19
6929,M800,2,6,8
6930,M8000,29,61,90
6931,M8001,3,1,4
6932,M8003,0,1,1
6933,M8008,0,5,5
6934,M801,1,1,2
6935,M8010,16,70,86
6936,M8028,1,1,2
6937,M804,1,0,1
6938,M8040,0,1,1
6939,M8041,1,0,1
6940,M8048,3,1,4
6941,M8049,1,1,2
6942,M805,1,2,3
6943,M8050,13,25,38
6944,M8052,6,10,16
6945,M8053,1,0,1
6946,M8055,0,1,1
6947,M8058,0,1,1
6948,M808,1,3,4
6949,M8080,0,1,1
6950,M8081,4,3,7
6951,M8082,0,1,1
6952,M8086,1,0,1
6953,M8088,7,18,25
6954,M8089,1,1,2
6955,M809,19,37,56
6956,M8090,99,114,213
6957,M8091,1,2,3
6958,M8092,0,2,2
6959,M8093,0,7,7
6960,M8094,0,5,5
6961,M8095,2,14,16
6962,M8096,0,2,2
6963,M8097,1,1,2
6964,M8098,86,219,305
6965,M8099,7,29,36
6966,M810,0,19,19
6967,M8100,0,9,9
6968,M8102,0,1,1
6969,M8105,0,1,1
6970,M8108,0,1,1
6971,M8109,0,30,30
6972,M811,1,3,4
6973,M8110,1,5,6
6974,M812,2,3,5
6975,M8120,29,8,37
6976,M813,0,1,1
6977,M8130,7,5,12
6978,M8138,0,1,1
6979,M814,79,44,123
6980,M8140,68,28,96
6981,M8144,0,2,2
6982,M8145,0,1,1
6983,M8147,1,0,1
6984,M8149,9,11,20
6985,M815,0,4,4
6986,M8150,1,1,2
6987,M8151,0,1,1
6988,M8155,0,1,1
6989,M816,1,1,2
6990,M8167,0,1,1
6991,M8168,2,0,2
6992,M8169,1,1,2
6993,M818,2,10,12
6994,M8180,1,3,4
6995,M8185,2,0,2
6996,M8187,0,1,1
6997,M8188,1,2,3
6998,M8189,3,7,10
6999,M819,641,3150,3791
7000,M8190,43,228,271
7001,M8191,2,7,9
7002,M8192,1,4,5
7003,M8193,0,16,16
7004,M8194,3,5,8
7005,M8195,9,66,75
7006,M8196,8,19,27
7007,M8197,10,28,38
7008,M8198,64,245,309
7009,M8199,492,2459,2951
7010,M82,0,1,1
7011,M820,0,1,1
7012,M8200,1,0,1
7013,M8201,0,1,1
7014,M8206,1,0,1
7015,M8208,1,0,1
7016,M8209,1,0,1
7017,M821,4,6,10
7018,M8210,18,19,37
7019,M8211,25,24,49
7020,M8213,0,1,1
7021,M8219,0,2,2
7022,M831,3,3,6
7023,M8310,0,3,3
7024,M8312,6,4,10
7025,M832,0,2,2
7026,M8329,0,1,1
7027,M8330,0,7,7
7028,M834,0,2,2
7029,M8340,0,2,2
7030,M838,1,0,1
7031,M8380,0,10,10
7032,M8381,0,1,1
7033,M8385,1,0,1
7034,M8388,0,1,1
7035,M839,3,3,6
7036,M8395,1,1,2
7037,M8396,1,1,2
7038,M8397,1,1,2
7039,M8398,0,2,2
7040,M8399,3,2,5
7041,M840,15,24,39
7042,M8400,1,1,2
7043,M8401,16,13,29
7044,M8402,13,14,27
7045,M8403,27,104,131
7046,M8404,15,16,31
7047,M8405,11,10,21
7048,M8406,24,9,33
7049,M8407,13,25,38
7050,M8408,4,4,8
7051,M841,64,35,99
7052,M8410,5,0,5
7053,M8411,69,56,125
7054,M8412,48,55,103
7055,M8413,51,41,92
7056,M8414,26,14,40
7057,M8415,43,66,109
7058,M8416,73,25,98
7059,M8417,58,85,143
7060,M8418,13,7,20
7061,M8419,1,3,4
7062,M842,7,3,10
7063,M8421,6,2,8
7064,M8422,1,5,6
7065,M8423,0,4,4
7066,M8424,1,0,1
7067,M8425,2,4,6
7068,M8426,7,1,8
7069,M8427,2,3,5
7070,M8428,0,1,1
7071,M843,3,6,9
7072,M8430,0,1,1
7073,M8435,5,8,13
7074,M8436,1,5,6
7075,M8437,5,9,14
7076,M8438,1,3,4
7077,M8439,0,1,1
7078,M844,11,8,19
7079,M8440,3,3,6
7080,M8441,0,9,9
7081,M8442,6,7,13
7082,M8443,1,0,1
7083,M8444,2,0,2
7084,M8445,13,17,30
7085,M8446,2,1,3
7086,M8447,3,1,4
7087,M8448,38,24,62
7088,M848,3,5,8
7089,M8480,0,4,4
7090,M8481,0,2,2
7091,M8483,4,6,10
7092,M8484,0,2,2
7093,M8485,0,1,1
7094,M8486,3,2,5
7095,M8487,2,12,14
7096,M8488,0,2,2
7097,M849,13,11,24
7098,M8491,1,1,2
7099,M8492,1,0,1
7100,M8493,0,1,1
7101,M8494,1,0,1
7102,M8495,2,0,2
7103,M8497,0,2,2
7104,M8499,0,1,1
7105,M850,0,3,3
7106,M8500,1,67,68
7107,M8503,0,5,5
7108,M8504,0,2,2
7109,M8505,2,1,3
7110,M8506,1,0,1
7111,M8508,3,2,5
7112,M8509,2,0,2
7113,M8510,0,2,2
7114,M852,1,12,13
7115,M8520,0,10,10
7116,M8521,0,4,4
7117,M8522,0,6,6
7118,M8528,0,3,3
7119,M854,1,3,4
7120,M8540,0,1,1
7121,M8542,0,1,1
7122,M8543,0,1,1
7123,M8544,2,1,3
7124,M8545,7,5,12
7125,M8546,5,2,7
7126,M8547,2,6,8
7127,M8548,0,2,2
7128,M8550,1,0,1
7129,M8555,0,1,1
7130,M8559,0,1,1
7131,M856,9,17,26
7132,M8560,0,1,1
7133,M8561,2,0,2
7134,M8562,0,1,1
7135,M8563,2,0,2
7136,M8564,5,11,16
7137,M8565,22,34,56
7138,M8566,12,6,18
7139,M8567,11,20,31
7140,M8568,7,4,11
7141,M8569,1,0,1
7142,M858,75,473,548
7143,M8580,9,44,53
7144,M8581,2,5,7
7145,M8582,2,4,6
7146,M8583,1,11,12
7147,M8584,2,3,5
7148,M8585,23,46,69
7149,M8586,5,11,16
7150,M8587,8,16,24
7151,M8588,7,38,45
7152,M8589,38,215,253
7153,M859,3,19,22
7154,M8590,0,2,2
7155,M8594,0,1,1
7156,M8595,2,4,6
7157,M8597,2,0,2
7158,M8598,2,2,4
7159,M8599,1,15,16
7160,M861,3,0,3
7161,M8612,1,0,1
7162,M8614,0,1,1
7163,M8615,1,0,1
7164,M8616,1,0,1
7165,M8617,10,5,15
7166,M8618,3,0,3
7167,M863,1,0,1
7168,M864,3,0,3
7169,M8641,1,0,1
7170,M8642,1,0,1
7171,M8643,1,0,1
7172,M8645,4,0,4
7173,M8646,7,0,7
7174,M8647,5,1,6
7175,M8648,2,2,4
7176,M8650,1,0,1
7177,M8655,1,0,1
7178,M866,16,5,21
7179,M8660,0,1,1
7180,M8661,2,0,2
7181,M8662,0,1,1
7182,M8663,0,1,1
7183,M8664,4,1,5
7184,M8665,8,2,10
7185,M8666,16,2,18
7186,M8667,24,8,32
7187,M8668,3,5,8
7188,M8669,2,6,8
7189,M868,6,9,15
7190,M8680,1,1,2
7191,M8683,1,0,1
7192,M8684,1,1,2
7193,M8685,2,3,5
7194,M8686,5,8,13
7195,M8687,10,9,19
7196,M8688,2,4,6
7197,M8689,2,1,3
7198,M869,53,22,75
7199,M8690,3,1,4
7200,M8691,2,1,3
7201,M8692,2,1,3
7202,M8693,0,4,4
7203,M8694,10,14,24
7204,M8695,17,11,28
7205,M8696,33,6,39
7206,M8697,147,37,184
7207,M8698,22,9,31
7208,M8699,18,9,27
7209,M8700,0,1,1
7210,M8701,0,1,1
7211,M8705,4,4,8
7212,M8707,0,1,1
7213,M871,1,2,3
7214,M8711,0,1,1
7215,M8712,2,0,2
7216,M8715,4,4,8
7217,M8717,0,1,1
7218,M8718,0,2,2
7219,M872,6,7,13
7220,M8720,24,44,68
7221,M8721,0,4,4
7222,M8722,3,0,3
7223,M8724,2,4,6
7224,M8725,6,6,12
7225,M8726,0,1,1
7226,M8727,6,6,12
7227,M8728,0,1,1
7228,M873,4,0,4
7229,M8731,0,1,1
7230,M8735,6,1,7
7231,M8736,1,0,1
7232,M8738,0,1,1
7233,M878,6,7,13
7234,M8780,1,3,4
7235,M8784,1,0,1
7236,M8785,10,13,23
7237,M8786,3,2,5
7238,M8787,1,0,1
7239,M8788,1,1,2
7240,M879,18,20,38
7241,M8790,1,2,3
7242,M8791,5,13,18
7243,M8792,0,2,2
7244,M8793,3,0,3
7245,M8794,2,0,2
7246,M8795,89,102,191
7247,M8796,11,20,31
7248,M8797,9,16,25
7249,M8798,6,9,15
7250,M8799,2,1,3
7251,M88,2,0,2
7252,M880,0,2,2
7253,M8800,2,3,5
7254,M888,3,0,3
7255,M8880,2,0,2
7256,M8881,1,1,2
7257,M8885,15,1,16
7258,M8886,1,1,2
7259,M8888,4,3,7
7260,M8889,0,1,1
7261,M889,25,12,37
7262,M8890,10,128,138
7263,M8891,1,0,1
7264,M8894,0,1,1
7265,M8895,8,8,16
7266,M8896,1,1,2
7267,M8898,3,1,4
7268,M8899,16,10,26
7269,M890,10,26,36
7270,M8900,2,6,8
7271,M8901,1,5,6
7272,M8902,2,4,6
7273,M8903,7,14,21
7274,M8904,6,25,31
7275,M8905,0,4,4
7276,M8906,6,17,23
7277,M8907,7,14,21
7278,M8908,1,1,2
7279,M8909,5,10,15
7280,M892,0,1,1
7281,M8920,1,0,1
7282,M8926,1,0,1
7283,M8927,1,4,5
7284,M893,5,10,15
7285,M8930,0,1,1
7286,M8931,1,1,2
7287,M8932,1,2,3
7288,M8933,2,1,3
7289,M8934,2,0,2
7290,M8935,2,2,4
7291,M8936,0,3,3
7292,M8937,13,22,35
7293,M8938,4,14,18
7294,M8939,1,0,1
7295,M894,0,2,2
7296,M8940,4,5,9
7297,M8945,1,0,1
7298,M8946,1,1,2
7299,M8947,0,1,1
7300,M895,6,6,12
7301,M8951,1,1,2
7302,M8952,1,1,2
7303,M8954,1,0,1
7304,M8955,19,27,46
7305,M8956,3,0,3
7306,M8957,0,1,1
7307,M8958,1,2,3
7308,M8960,3,2,5
7309,M8965,1,0,1
7310,M8966,1,2,3
7311,M8969,0,2,2
7312,M898,43,50,93
7313,M8980,5,4,9
7314,M8981,10,13,23
7315,M8982,2,1,3
7316,M8983,4,6,10
7317,M8984,4,9,13
7318,M8985,16,24,40
7319,M8986,31,18,49
7320,M8987,24,50,74
7321,M8988,19,20,39
7322,M8989,6,5,11
7323,M899,69,101,170
7324,M8990,5,4,9
7325,M8991,7,5,12
7326,M8992,7,6,13
7327,M8993,3,7,10
7328,M8994,18,29,47
7329,M8995,26,25,51
7330,M8996,25,16,41
7331,M8997,73,236,309
7332,M8998,18,20,38
7333,M8999,3,3,6
7334,M900,1,0,1
7335,M9000,0,1,1
7336,M9010,0,17,17
7337,M9011,0,1,1
7338,M9013,0,1,1
7339,M9014,0,2,2
7340,M9050,1,0,1
7341,M9054,1,0,1
7342,M9057,1,0,1
7343,M9061,9,0,9
7344,M907,35,20,55
7345,M9070,12,6,18
7346,M9071,10,6,16
7347,M9072,19,9,28
7348,M9074,1,0,1
7349,M9075,46,38,84
7350,M9076,5,3,8
7351,M9077,1,1,2
7352,M9078,71,37,108
7353,M9079,1,3,4
7354,M908,1,3,4
7355,M9080,2,3,5
7356,M9084,0,7,7
7357,M9085,1,0,1
7358,M9100,0,1,1
7359,M911,15,10,25
7360,M9115,5,6,11
7361,M9119,0,5,5
7362,M912,2,4,6
7363,M9120,10,9,19
7364,M9121,2,0,2
7365,M9122,1,0,1
7366,M9125,1,1,2
7367,M9129,0,1,1
7368,M913,0,1,1
7369,M9131,2,1,3
7370,M918,0,1,1
7371,M919,0,1,1
7372,M9195,0,1,1
7373,M9210,1,0,1
7374,M922,4,4,8
7375,M924,1,1,2
7376,M925,7,4,11
7377,M9250,0,1,1
7378,M9251,0,2,2
7379,M926,24,27,51
7380,M927,4,35,39
7381,M928,1,1,2
7382,M930,4,1,5
7383,M931,5,3,8
7384,M932,30,19,49
7385,M9326,1,2,3
7386,M938,31,44,75
7387,M9386,1,0,1
7388,M939,50,56,106
7389,M940,34,100,134
7390,M9400,1,0,1
7391,M9401,1,0,1
7392,M9408,3,6,9
7393,M9409,3,9,12
7394,M941,2,0,2
7395,M9410,1,0,1
7396,M9418,1,0,1
7397,M9419,3,0,3
7398,M942,12,10,22
7399,M9420,0,1,1
7400,M9421,3,4,7
7401,M9422,1,2,3
7402,M9423,0,1,1
7403,M9424,1,2,3
7404,M9425,0,2,2
7405,M9426,34,28,62
7406,M9427,3,2,5
7407,M9428,0,1,1
7408,M9429,0,1,1
7409,M943,1,1,2
7410,M9435,1,1,2
7411,M9436,2,3,5
7412,M948,30,49,79
7413,M9481,5,4,9
7414,M9482,1,1,2
7415,M9483,2,1,3
7416,M9484,0,3,3
7417,M9485,4,13,17
7418,M9486,68,56,124
7419,M9487,4,7,11
7420,M9488,31,58,89
7421,M9489,7,17,24
7422,M949,11,8,19
7423,M9492,1,0,1
7424,M9493,1,0,1
7425,M9494,0,1,1
7426,M9495,0,1,1
7427,M9496,15,23,38
7428,M9497,0,2,2
7429,M950,94,84,178
7430,M951,3,1,4
7431,M952,13,11,24
7432,M953,5,10,15
7433,M954,10,11,21
7434,M955,1,2,3
7435,M958,0,6,6
7436,M959,10,14,24
7437,M960,66,113,179
7438,M961,31,28,59
7439,M962,0,1,1
7440,M963,0,3,3
7441,M965,2,3,5
7442,M966,60,82,142
7443,M9663,0,1,1
7444,M9665,1,0,1
7445,M968,31,36,67
7446,M969,5,8,13
7447,M9911,1,2,3
7448,M9923,0,1,1
7449,M9931,2,0,2
7450,M9933,0,1,1
7451,M9940,1,0,1
7452,M9943,0,1,1
7453,M995,4,2,6
7454,M9950,6,6,12
7455,M9951,1,0,1
7456,M9953,14,8,22
7457,M996,2,0,2
7458,M9960,0,1,1
7459,M9961,2,1,3
7460,M9962,2,1,3
7461,M9963,1,0,1
7462,M997,5,3,8
7463,M9971,4,6,10
7464,M9973,5,11,16
7465,M9976,0,1,1
7466,M9977,0,1,1
7467,M998,7,7,14
7468,M9981,11,2,13
7469,M9983,3,11,14
7470,M9984,1,0,1
7471,M9989,1,2,3
7472,M999,0,2,2
7473,N001,3,0,3
7474,N002,2,3,5
7475,N004,0,1,1
7476,N007,1,1,2
7477,N008,4,1,5
7478,N009,8,4,12
7479,N012,13,0,13
7480,N015,0,1,1
7481,N017,2,0,2
7482,N018,0,2,2
7483,N019,4,1,5
7484,N020,2,5,7
7485,N021,5,1,6
7486,N022,15,4,19
7487,N023,7,3,10
7488,N025,1,0,1
7489,N026,1,1,2
7490,N028,89,32,121
7491,N029,222,228,450
7492,N030,2,0,2
7493,N031,9,5,14
7494,N032,8,0,8
7495,N033,5,0,5
7496,N034,2,0,2
7497,N035,6,2,8
7498,N036,1,0,1
7499,N037,1,1,2
7500,N038,4,5,9
7501,N039,357,307,664
7502,N040,5,7,12
7503,N041,7,8,15
7504,N042,12,5,17
7505,N043,0,3,3
7506,N045,4,0,4
7507,N047,1,0,1
7508,N048,6,2,8
7509,N049,84,52,136
7510,N050,3,3,6
7511,N051,18,11,29
7512,N052,25,17,42
7513,N053,7,6,13
7514,N054,2,2,4
7515,N055,9,9,18
7516,N056,1,1,2
7517,N057,12,8,20
7518,N058,12,18,30
7519,N059,79,48,127
7520,N060,0,1,1
7521,N061,1,1,2
7522,N062,1,0,1
7523,N063,27,0,27
7524,N066,1,0,1
7525,N068,3,0,3
7526,N069,2,2,4
7527,N071,4,0,4
7528,N079,1,1,2
7529,N081,6,6,12
7530,N082,4,4,8
7531,N083,175,69,244
7532,N084,7,6,13
7533,N085,36,35,71
7534,N088,1,0,1
7535,N089,1,0,1
7536,N092,2,0,2
7537,N099,1,0,1
7538,N10,53,124,177
7539,N101,1,0,1
7540,N108,1,0,1
7541,N110,4,12,16
7542,N111,29,13,42
7543,N112,9,0,9
7544,N113,22,0,22
7545,N114,1,0,1
7546,N115,1,0,1
7547,N118,3,1,4
7548,N119,41,61,102
7549,N12,248,655,903
7550,N130,60,80,140
7551,N131,125,94,219
7552,N132,473,190,663
7553,N133,728,570,1298
7554,N134,123,75,198
7555,N135,270,182,452
7556,N136,70,59,129
7557,N137,13,16,29
7558,N138,93,87,180
7559,N139,120,39,159
7560,N140,0,1,1
7561,N141,20,7,27
7562,N142,3,0,3
7563,N151,13,9,22
7564,N152,5,0,5
7565,N153,58,0,58
7566,N158,2,2,4
7567,N159,11,18,29
7568,N160,2,4,6
7569,N161,2,1,3
7570,N162,2,0,2
7571,N164,2,2,4
7572,N165,5,2,7
7573,N168,2,0,2
7574,N170,43,28,71
7575,N171,395,7,402
7576,N172,4,3,7
7577,N178,18,5,23
7578,N179,3929,2157,6086
7579,N180,165,110,275
7580,N181,26,16,42
7581,N182,147,145,292
7582,N183,1516,1524,3040
7583,N184,268,176,444
7584,N185,261,152,413
7585,N188,35,19,54
7586,N189,1780,1190,2970
7587,N19,899,465,1364
7588,N191,2,0,2
7589,N192,3,0,3
7590,N200,2001,967,2968
7591,N201,1594,505,2099
7592,N202,241,79,320
7593,N203,1,0,1
7594,N209,71,37,108
7595,N210,573,113,686
7596,N211,43,4,47
7597,N218,21,5,26
7598,N219,6,1,7
7599,N224,1,0,1
7600,N23,1101,464,1565
7601,N242,2,0,2
7602,N248,1,0,1
7603,N250,3,3,6
7604,N251,8,8,16
7605,N258,28,27,55
7606,N259,8,5,13
7607,N26,79,59,138
7608,N262,3,0,3
7609,N270,19,14,33
7610,N271,23,11,34
7611,N273,1,0,1
7612,N274,1,0,1
7613,N278,1,0,1
7614,N279,5,7,12
7615,N280,45,29,74
7616,N281,862,527,1389
7617,N282,1,0,1
7618,N283,12,0,12
7619,N284,11,0,11
7620,N287,1,0,1
7621,N288,382,270,652
7622,N289,286,193,479
7623,N291,5,3,8
7624,N298,6,8,14
7625,N300,62,63,125
7626,N301,38,192,230
7627,N302,285,288,573
7628,N303,154,202,356
7629,N304,38,23,61
7630,N306,1,0,1
7631,N308,229,316,545
7632,N309,542,749,1291
7633,N310,1,4,5
7634,N311,6,9,15
7635,N312,79,74,153
7636,N318,263,363,626
7637,N319,273,361,634
7638,N320,1660,61,1721
7639,N321,115,47,162
7640,N322,17,7,24
7641,N323,674,121,795
7642,N324,8,3,11
7643,N326,1,0,1
7644,N328,3707,2261,5968
7645,N329,439,282,721
7646,N330,2,2,4
7647,N338,1,1,2
7648,N340,5,5,10
7649,N341,12,5,17
7650,N342,62,22,84
7651,N343,0,31,31
7652,N350,8,1,9
7653,N351,5,0,5
7654,N358,67,13,80
7655,N359,1758,1142,2900
7656,N360,89,11,100
7657,N361,9,24,33
7658,N362,27,180,207
7659,N363,3,48,51
7660,N368,159,128,287
7661,N369,32,16,48
7662,N370,2,2,4
7663,N390,5290,6737,12027
7664,N391,12,16,28
7665,N392,0,4,4
7666,N393,152,4688,4840
7667,N394,306,1169,1475
7668,N398,258,175,433
7669,N399,291,230,521
7670,N40,11099,4,11103
7671,N410,218,0,218
7672,N411,883,0,883
7673,N412,9,0,9
7674,N413,4,0,4
7675,N418,16,0,16
7676,N419,534,0,534
7677,N420,80,0,80
7678,N421,172,0,172
7679,N422,111,0,111
7680,N423,14,0,14
7681,N428,551,0,551
7682,N429,362,0,362
7683,N430,4,0,4
7684,N431,11,0,11
7685,N432,16,0,16
7686,N433,1182,0,1182
7687,N434,30,0,30
7688,N44,21,0,21
7689,N450,40,0,40
7690,N459,731,0,731
7691,N46,32,0,32
7692,N47,1869,0,1869
7693,N480,191,0,191
7694,N481,266,0,266
7695,N482,115,0,115
7696,N483,20,0,20
7697,N484,254,0,254
7698,N485,31,0,31
7699,N486,714,0,714
7700,N488,407,4,411
7701,N489,66,0,66
7702,N490,3,0,3
7703,N491,7,0,7
7704,N492,126,0,126
7705,N498,23,0,23
7706,N499,4,0,4
7707,N500,72,0,72
7708,N501,536,0,536
7709,N508,1871,3,1874
7710,N509,62,0,62
7711,N510,1,0,1
7712,N511,4,0,4
7713,N512,13,0,13
7714,N518,5,0,5
7715,N600,0,215,215
7716,N601,1,449,450
7717,N602,0,238,238
7718,N603,1,239,240
7719,N604,0,226,226
7720,N608,5,302,307
7721,N609,0,37,37
7722,N61,12,373,385
7723,N62,148,500,648
7724,N63,32,1245,1277
7725,N640,0,3,3
7726,N641,3,172,175
7727,N642,0,6,6
7728,N643,0,6,6
7729,N644,1,61,62
7730,N645,6,389,395
7731,N648,3,261,264
7732,N649,1,139,140
7733,N700,0,22,22
7734,N701,0,303,303
7735,N709,0,112,112
7736,N710,0,16,16
7737,N711,0,81,81
7738,N719,0,141,141
7739,N72,0,976,976
7740,N730,0,20,20
7741,N731,0,16,16
7742,N732,0,2,2
7743,N733,0,5,5
7744,N735,0,26,26
7745,N736,2,2174,2176
7746,N738,0,8,8
7747,N739,0,213,213
7748,N741,0,1,1
7749,N750,0,268,268
7750,N751,0,316,316
7751,N758,0,8,8
7752,N759,0,4,4
7753,N760,0,163,163
7754,N761,0,23,23
7755,N762,0,149,149
7756,N763,0,39,39
7757,N764,0,160,160
7758,N765,0,25,25
7759,N766,0,46,46
7760,N768,0,96,96
7761,N770,0,4,4
7762,N771,0,188,188
7763,N800,0,1534,1534
7764,N801,0,809,809
7765,N802,0,123,123
7766,N803,0,608,608
7767,N804,0,33,33
7768,N805,0,40,40
7769,N806,0,11,11
7770,N808,0,229,229
7771,N809,0,620,620
7772,N810,0,52,52
7773,N811,0,4191,4191
7774,N812,0,3262,3262
7775,N813,0,507,507
7776,N814,0,1015,1015
7777,N815,0,578,578
7778,N816,0,3869,3869
7779,N818,0,387,387
7780,N819,0,223,223
7781,N820,0,29,29
7782,N821,0,10,10
7783,N822,0,3,3
7784,N823,0,79,79
7785,N824,0,40,40
7786,N825,0,9,9
7787,N828,0,7,7
7788,N829,0,15,15
7789,N830,0,443,443
7790,N831,0,420,420
7791,N832,0,3174,3174
7792,N833,0,109,109
7793,N834,0,6,6
7794,N835,0,68,68
7795,N836,0,15,15
7796,N837,0,5,5
7797,N838,0,466,466
7798,N839,0,114,114
7799,N840,0,6553,6553
7800,N841,0,2591,2591
7801,N842,0,128,128
7802,N843,0,54,54
7803,N848,0,22,22
7804,N849,0,36,36
7805,N850,0,796,796
7806,N851,0,158,158
7807,N852,0,971,971
7808,N854,0,681,681
7809,N855,0,5,5
7810,N856,0,54,54
7811,N857,0,23,23
7812,N858,0,2118,2118
7813,N859,0,184,184
7814,N86,0,755,755
7815,N870,0,495,495
7816,N871,0,372,372
7817,N872,0,64,64
7818,N879,0,390,390
7819,N880,1,8,9
7820,N881,0,29,29
7821,N882,0,609,609
7822,N883,0,7,7
7823,N884,0,6,6
7824,N888,1,845,846
7825,N889,0,95,95
7826,N890,0,11,11
7827,N891,1,11,12
7828,N892,0,1,1
7829,N893,0,7,7
7830,N894,0,7,7
7831,N895,0,167,167
7832,N896,0,57,57
7833,N897,0,4,4
7834,N898,1,982,983
7835,N899,0,86,86
7836,N900,0,22,22
7837,N901,0,15,15
7838,N902,0,6,6
7839,N903,0,28,28
7840,N904,0,246,246
7841,N905,0,329,329
7842,N906,0,81,81
7843,N907,0,420,420
7844,N908,0,519,519
7845,N909,0,149,149
7846,N910,0,5,5
7847,N911,0,13,13
7848,N912,0,51,51
7849,N913,0,1,1
7850,N914,0,3,3
7851,N915,0,18,18
7852,N920,2,6898,6900
7853,N921,1,2194,2195
7854,N922,0,2,2
7855,N923,0,746,746
7856,N924,0,230,230
7857,N925,0,100,100
7858,N926,0,1323,1323
7859,N930,0,922,922
7860,N938,0,1288,1288
7861,N939,0,1238,1238
7862,N940,0,17,17
7863,N941,0,843,843
7864,N942,0,15,15
7865,N943,0,111,111
7866,N944,0,44,44
7867,N945,0,36,36
7868,N946,0,1144,1144
7869,N948,0,594,594
7870,N949,0,140,140
7871,N950,0,7565,7565
7872,N951,0,139,139
7873,N952,0,1035,1035
7874,N953,0,88,88
7875,N958,0,340,340
7876,N959,0,40,40
7877,N96,0,19,19
7878,N970,0,3,3
7879,N971,0,72,72
7880,N972,0,5,5
7881,N973,0,1,1
7882,N974,0,10,10
7883,N978,0,15,15
7884,N979,0,656,656
7885,N981,0,25,25
7886,N982,1,0,1
7887,N983,0,2,2
7888,N988,0,4,4
7889,N989,0,3,3
7890,N990,73,22,95
7891,N991,55,3,58
7892,N992,0,68,68
7893,N993,0,439,439
7894,N994,8,164,172
7895,N995,32,35,67
7896,N998,80,73,153
7897,N999,7,9,16
7898,NCIN,4,14,18
7899,O001,0,153,153
7900,O002,0,2,2
7901,O008,0,2,2
7902,O009,0,52,52
7903,O010,0,3,3
7904,O011,0,4,4
7905,O019,0,6,6
7906,O020,1,80,81
7907,O021,0,887,887
7908,O028,0,2,2
7909,O029,0,5,5
7910,O030,0,4,4
7911,O031,0,22,22
7912,O033,0,12,12
7913,O034,0,560,560
7914,O036,0,7,7
7915,O038,0,10,10
7916,O039,0,451,451
7917,O040,0,1,1
7918,O041,0,51,51
7919,O043,0,2,2
7920,O044,0,62,62
7921,O045,0,1,1
7922,O046,0,3,3
7923,O048,0,8,8
7924,O049,1,716,717
7925,O063,0,1,1
7926,O064,0,6,6
7927,O069,0,9,9
7928,O071,0,3,3
7929,O073,0,1,1
7930,O074,0,6,6
7931,O076,0,1,1
7932,O078,0,1,1
7933,O079,0,1,1
7934,O080,0,8,8
7935,O081,0,20,20
7936,O082,0,1,1
7937,O088,0,4,4
7938,O089,0,1,1
7939,O100,0,37,37
7940,O102,0,1,1
7941,O109,0,6,6
7942,O11,0,10,10
7943,O120,0,63,63
7944,O121,0,46,46
7945,O122,0,11,11
7946,O13,0,352,352
7947,O140,0,62,62
7948,O141,0,44,44
7949,O149,0,152,152
7950,O150,0,1,1
7951,O151,0,2,2
7952,O152,0,6,6
7953,O159,0,2,2
7954,O16,0,430,430
7955,O172,1,3,4
7956,O173,0,3,3
7957,O178,0,2,2
7958,O181,1,0,1
7959,O200,0,362,362
7960,O208,0,57,57
7961,O209,1,283,284
7962,O210,0,95,95
7963,O211,0,23,23
7964,O212,0,22,22
7965,O218,0,13,13
7966,O219,0,41,41
7967,O220,0,13,13
7968,O221,0,6,6
7969,O222,0,2,2
7970,O223,0,11,11
7971,O224,0,20,20
7972,O225,0,1,1
7973,O228,0,3,3
7974,O229,0,3,3
7975,O230,0,8,8
7976,O231,0,2,2
7977,O233,0,1,1
7978,O234,0,87,87
7979,O235,0,49,49
7980,O239,0,26,26
7981,O240,0,45,45
7982,O241,0,3,3
7983,O243,0,2,2
7984,O244,0,102,102
7985,O249,0,20,20
7986,O260,0,14,14
7987,O262,0,42,42
7988,O263,0,10,10
7989,O264,0,4,4
7990,O265,0,8,8
7991,O266,0,19,19
7992,O267,0,42,42
7993,O268,0,905,905
7994,O269,0,308,308
7995,O271,1,1,2
7996,O273,0,1,1
7997,O280,0,7,7
7998,O281,0,42,42
7999,O283,0,18,18
8000,O285,0,3,3
8001,O288,0,2,2
8002,O289,0,6,6
8003,O291,99,116,215
8004,O294,0,1,1
8005,O300,0,197,197
8006,O301,0,10,10
8007,O302,0,2,2
8008,O309,0,2,2
8009,O310,0,1,1
8010,O311,0,5,5
8011,O312,0,11,11
8012,O318,0,11,11
8013,O320,0,67,67
8014,O321,0,502,502
8015,O322,0,61,61
8016,O323,0,30,30
8017,O324,0,42,42
8018,O325,0,62,62
8019,O326,0,9,9
8020,O328,0,67,67
8021,O329,0,25,25
8022,O330,0,2,2
8023,O331,0,3,3
8024,O332,0,1,1
8025,O333,0,2,2
8026,O334,0,2,2
8027,O335,0,11,11
8028,O338,0,1,1
8029,O339,0,23,23
8030,O340,0,14,14
8031,O341,0,77,77
8032,O342,0,884,884
8033,O343,0,24,24
8034,O344,0,41,41
8035,O345,0,6,6
8036,O346,0,5,5
8037,O347,0,64,64
8038,O348,0,32,32
8039,O349,0,5,5
8040,O350,0,14,14
8041,O351,0,96,96
8042,O352,0,4,4
8043,O353,0,2,2
8044,O355,0,2,2
8045,O357,0,2,2
8046,O358,0,51,51
8047,O359,0,43,43
8048,O360,0,221,221
8049,O361,0,16,16
8050,O362,0,5,5
8051,O363,0,35,35
8052,O364,0,49,49
8053,O365,0,196,196
8054,O366,0,130,130
8055,O367,0,6,6
8056,O368,0,749,749
8057,O369,0,142,142
8058,O40,0,86,86
8059,O410,0,109,109
8060,O411,0,11,11
8061,O418,0,82,82
8062,O419,0,6,6
8063,O420,0,290,290
8064,O421,0,198,198
8065,O422,0,7,7
8066,O429,0,408,408
8067,O430,0,12,12
8068,O431,0,77,77
8069,O438,0,96,96
8070,O439,0,14,14
8071,O440,0,56,56
8072,O441,0,81,81
8073,O458,0,2,2
8074,O459,0,30,30
8075,O460,0,1,1
8076,O468,0,34,34
8077,O469,0,446,446
8078,O470,0,139,139
8079,O471,0,473,473
8080,O479,0,174,174
8081,O48,0,908,908
8082,O60,0,494,494
8083,O600,0,2,2
8084,O601,0,2,2
8085,O603,0,5,5
8086,O610,0,86,86
8087,O611,0,18,18
8088,O618,0,4,4
8089,O619,0,11,11
8090,O620,0,43,43
8091,O621,0,29,29
8092,O622,0,156,156
8093,O623,0,59,59
8094,O624,0,37,37
8095,O628,0,2,2
8096,O629,0,11,11
8097,O630,0,314,314
8098,O631,0,1020,1020
8099,O639,0,142,142
8100,O640,0,181,181
8101,O641,0,82,82
8102,O642,0,8,8
8103,O643,0,7,7
8104,O644,0,3,3
8105,O645,0,4,4
8106,O648,0,17,17
8107,O649,0,11,11
8108,O654,0,13,13
8109,O655,0,18,18
8110,O659,0,2,2
8111,O660,0,65,65
8112,O662,0,8,8
8113,O664,0,18,18
8114,O665,0,154,154
8115,O668,0,5,5
8116,O669,0,6,6
8117,O678,0,9,9
8118,O679,0,76,76
8119,O680,0,1024,1024
8120,O681,0,684,684
8121,O682,0,337,337
8122,O683,0,25,25
8123,O688,0,385,385
8124,O689,0,228,228
8125,O690,0,17,17
8126,O691,0,195,195
8127,O692,0,179,179
8128,O693,0,5,5
8129,O694,0,4,4
8130,O695,0,1,1
8131,O698,0,75,75
8132,O699,0,31,31
8133,O700,0,1664,1664
8134,O701,0,2544,2544
8135,O702,0,138,138
8136,O703,0,8,8
8137,O709,0,75,75
8138,O711,0,2,2
8139,O712,0,2,2
8140,O713,0,9,9
8141,O714,0,65,65
8142,O715,0,13,13
8143,O716,0,6,6
8144,O717,0,16,16
8145,O718,0,37,37
8146,O719,0,14,14
8147,O720,0,153,153
8148,O721,0,765,765
8149,O722,0,125,125
8150,O723,0,4,4
8151,O730,0,133,133
8152,O731,0,30,30
8153,O745,0,6,6
8154,O746,0,12,12
8155,O747,0,1,1
8156,O748,0,1,1
8157,O750,0,57,57
8158,O751,0,1,1
8159,O752,0,100,100
8160,O753,0,7,7
8161,O754,0,4,4
8162,O755,0,6,6
8163,O756,0,196,196
8164,O757,0,131,131
8165,O758,0,119,119
8166,O759,0,5,5
8167,O800,0,1120,1120
8168,O801,0,2,2
8169,O808,0,45,45
8170,O809,0,307,307
8171,O810,0,21,21
8172,O811,0,1,1
8173,O812,0,1,1
8174,O813,0,17,17
8175,O814,0,69,69
8176,O815,0,3,3
8177,O820,0,251,251
8178,O821,0,125,125
8179,O828,0,3,3
8180,O829,0,40,40
8181,O830,0,1,1
8182,O831,0,5,5
8183,O842,0,7,7
8184,O848,0,2,2
8185,O849,0,1,1
8186,O85,0,28,28
8187,O860,0,60,60
8188,O861,0,16,16
8189,O862,0,20,20
8190,O863,0,2,2
8191,O864,0,50,50
8192,O868,0,9,9
8193,O870,0,13,13
8194,O871,0,5,5
8195,O872,0,42,42
8196,O878,0,11,11
8197,O879,0,5,5
8198,O881,0,1,1
8199,O882,0,3,3
8200,O894,0,16,16
8201,O895,0,2,2
8202,O898,0,1,1
8203,O900,0,13,13
8204,O901,0,20,20
8205,O902,0,18,18
8206,O903,0,2,2
8207,O904,0,3,3
8208,O908,0,81,81
8209,O909,0,23,23
8210,O910,0,1,1
8211,O911,0,10,10
8212,O912,0,9,9
8213,O920,0,1,1
8214,O921,0,20,20
8215,O922,0,24,24
8216,O926,0,1,1
8217,O927,0,3,3
8218,O94,0,3,3
8219,O983,0,6,6
8220,O984,0,1,1
8221,O985,0,15,15
8222,O986,0,1,1
8223,O988,0,15,15
8224,O989,0,3,3
8225,O990,0,651,651
8226,O991,0,48,48
8227,O992,0,70,70
8228,O993,0,62,62
8229,O994,0,28,28
8230,O995,0,43,43
8231,O996,0,90,90
8232,O997,0,21,21
8233,O998,0,427,427
8234,P018,0,3,3
8235,P020,0,1,1
8236,P031,0,7,7
8237,P032,0,26,26
8238,P033,0,2,2
8239,P034,0,5,5
8240,P040,0,1,1
8241,P051,0,1,1
8242,P052,0,2,2
8243,P053,0,3,3
8244,P054,0,41,41
8245,P055,0,7,7
8246,P056,0,3,3
8247,P058,0,5,5
8248,P059,0,1,1
8249,P061,0,1,1
8250,P078,0,1,1
8251,P091,0,53,53
8252,P092,0,3,3
8253,P098,0,4,4
8254,P111,0,6,6
8255,P131,0,1,1
8256,P132,0,29,29
8257,P133,0,2,2
8258,P135,0,1,1
8259,P138,0,9,9
8260,P141,0,1,1
8261,P158,0,2,2
8262,P159,3,6,9
8263,P173,0,1,1
8264,P192,0,1,1
8265,P199,0,1,1
8266,P201,0,23,23
8267,P203,0,6,6
8268,P205,0,1,1
8269,P221,0,1,1
8270,P222,0,2,2
8271,P231,0,95,95
8272,P232,0,168,168
8273,P233,0,91,91
8274,P234,0,4,4
8275,P236,0,5,5
8276,P237,0,7,7
8277,P238,0,2,2
8278,P239,0,7,7
8279,P241,0,1,1
8280,P242,0,12,12
8281,P244,0,3,3
8282,P245,0,2,2
8283,P247,0,8,8
8284,P248,0,4,4
8285,P255,0,8,8
8286,P258,0,1,1
8287,P262,0,1,1
8288,P263,0,1,1
8289,P264,0,2,2
8290,P271,0,3,3
8291,P273,0,79,79
8292,P279,0,2,2
8293,P283,2,0,2
8294,P291,0,9,9
8295,P293,0,4,4
8296,P294,0,1,1
8297,P298,0,9,9
8298,P299,0,1,1
8299,P313,0,2,2
8300,P315,0,1,1
8301,P350,0,1,1
8302,P358,1,0,1
8303,P371,1,0,1
8304,P615,0,1,1
8305,P835,3,0,3
8306,PEDW,78,60,138
8307,Q011,0,2,2
8308,Q013,0,151,151
8309,Q014,0,19,19
8310,Q018,0,2,2
8311,Q019,1,1,2
8312,Q02,0,1,1
8313,Q021,0,28,28
8314,Q022,0,5,5
8315,Q023,0,57,57
8316,Q024,0,14,14
8317,Q028,0,3,3
8318,Q029,0,4,4
8319,Q030,7,7,14
8320,Q031,1,4,5
8321,Q033,0,23,23
8322,Q034,0,29,29
8323,Q035,0,1,1
8324,Q038,1,9,10
8325,Q039,3,22,25
8326,Q040,0,1,1
8327,Q043,2,0,2
8328,Q046,6,8,14
8329,Q048,4,5,9
8330,Q049,2,3,5
8331,Q052,0,9,9
8332,Q054,3,7,10
8333,Q055,0,1,1
8334,Q057,4,4,8
8335,Q058,1,8,9
8336,Q059,44,72,116
8337,Q061,2,0,2
8338,Q062,2,2,4
8339,Q064,0,1,1
8340,Q068,3,2,5
8341,Q069,2,1,3
8342,Q070,8,44,52
8343,Q071,0,1,1
8344,Q072,0,2,2
8345,Q073,0,1,1
8346,Q074,0,494,494
8347,Q075,0,54,54
8348,Q078,1,5,6
8349,Q079,0,4,4
8350,Q082,0,1,1
8351,Q088,0,7,7
8352,Q089,0,105,105
8353,Q091,0,1,1
8354,Q092,0,8,8
8355,Q093,0,2,2
8356,Q100,12,9,21
8357,Q101,0,6,6
8358,Q102,0,2,2
8359,Q103,0,174,174
8360,Q104,0,2,2
8361,Q105,0,3,3
8362,Q106,0,1,1
8363,Q108,0,12,12
8364,Q109,0,1,1
8365,Q111,4,91,95
8366,Q112,1,13,14
8367,Q113,0,62,62
8368,Q115,0,4,4
8369,Q119,0,3,3
8370,Q120,21,35,56
8371,Q121,3,109,112
8372,Q122,0,29,29
8373,Q123,0,6,6
8374,Q124,0,31,31
8375,Q129,0,2,2
8376,Q130,1,3,4
8377,Q131,2,7,9
8378,Q132,0,1,1
8379,Q133,0,1,1
8380,Q138,1,1,2
8381,Q140,1,0,1
8382,Q141,4,9,13
8383,Q145,0,27,27
8384,Q146,0,14,14
8385,Q149,1,1,2
8386,Q150,6,5,11
8387,Q151,0,1,1
8388,Q152,0,1,1
8389,Q158,0,1,1
8390,Q159,1,1,2
8391,Q161,2,32,34
8392,Q162,0,9,9
8393,Q163,0,13,13
8394,Q164,0,1,1
8395,Q165,1,22,23
8396,Q168,0,22,22
8397,Q169,3,4,7
8398,Q170,1,3,4
8399,Q171,0,355,355
8400,Q172,0,17,17
8401,Q174,0,33,33
8402,Q175,9,5,14
8403,Q176,0,8,8
8404,Q177,0,4,4
8405,Q178,0,38,38
8406,Q179,1,3,4
8407,Q180,31,33,64
8408,Q181,15,422,437
8409,Q185,1,1,2
8410,Q188,0,245,245
8411,Q189,1,407,408
8412,Q201,0,4,4
8413,Q202,0,49,49
8414,Q203,0,1,1
8415,Q205,0,1,1
8416,Q206,0,1,1
8417,Q208,2,4,6
8418,Q209,1,0,1
8419,Q210,31,33,64
8420,Q211,209,240,449
8421,Q212,1,6,7
8422,Q213,8,6,14
8423,Q214,1,1,2
8424,Q218,3,5,8
8425,Q219,6,12,18
8426,Q221,3,85,88
8427,Q222,1,3,4
8428,Q223,0,8,8
8429,Q225,3,8,11
8430,Q228,2,0,2
8431,Q229,0,1,1
8432,Q230,20,10,30
8433,Q231,135,122,257
8434,Q232,0,1,1
8435,Q233,4,33,37
8436,Q234,0,2,2
8437,Q235,0,14,14
8438,Q238,2,3,5
8439,Q239,0,3,3
8440,Q240,4,8,12
8441,Q241,0,2,2
8442,Q242,0,3,3
8443,Q243,0,3,3
8444,Q244,3,4,7
8445,Q245,14,15,29
8446,Q246,1,8,9
8447,Q248,30,28,58
8448,Q249,23,18,41
8449,Q250,6,11,17
8450,Q251,13,10,23
8451,Q252,1,0,1
8452,Q253,5,3,8
8453,Q254,7,3,10
8454,Q256,7,10,17
8455,Q257,3,5,8
8456,Q259,0,1,1
8457,Q261,1,1,2
8458,Q263,2,5,7
8459,Q264,5,1,6
8460,Q266,0,2,2
8461,Q269,1,0,1
8462,Q271,3,3,6
8463,Q272,2,2,4
8464,Q273,38,33,71
8465,Q278,8,18,26
8466,Q279,11,13,24
8467,Q280,8,7,15
8468,Q281,1,0,1
8469,Q282,46,49,95
8470,Q283,5,6,11
8471,Q288,3,3,6
8472,Q289,2,1,3
8473,Q291,0,3,3
8474,Q300,2,3,5
8475,Q302,1,0,1
8476,Q303,5,2,7
8477,Q308,0,1,1
8478,Q309,2,5,7
8479,Q310,7,5,12
8480,Q311,0,3,3
8481,Q312,1,0,1
8482,Q313,4,2,6
8483,Q318,2,4,6
8484,Q319,2,0,2
8485,Q320,1,0,1
8486,Q324,1,0,1
8487,Q328,0,3,3
8488,Q330,1,0,1
8489,Q331,2,0,2
8490,Q333,0,1,1
8491,Q334,0,1,1
8492,Q336,1,2,3
8493,Q338,1,1,2
8494,Q339,1,0,1
8495,Q341,1,0,1
8496,Q348,0,2,2
8497,Q349,0,1,1
8498,Q351,0,6,6
8499,Q352,0,146,146
8500,Q353,0,10,10
8501,Q357,1,0,1
8502,Q358,0,1,1
8503,Q359,4,25,29
8504,Q360,1,0,1
8505,Q361,0,2,2
8506,Q369,0,2,2
8507,Q371,1,0,1
8508,Q378,0,1,1
8509,Q379,8,3,11
8510,Q380,5,2,7
8511,Q381,7,4,11
8512,Q383,2,5,7
8513,Q384,0,1,1
8514,Q385,5,2,7
8515,Q386,8,2,10
8516,Q387,98,57,155
8517,Q388,4,3,7
8518,Q390,0,2,2
8519,Q391,0,1,1
8520,Q393,1,0,1
8521,Q394,15,19,34
8522,Q396,19,9,28
8523,Q398,3,4,7
8524,Q399,7,12,19
8525,Q400,1,0,1
8526,Q401,4,6,10
8527,Q402,9,14,23
8528,Q403,7,6,13
8529,Q408,9,4,13
8530,Q409,2,1,3
8531,Q411,0,1,1
8532,Q412,0,6,6
8533,Q413,0,27,27
8534,Q418,1,0,1
8535,Q419,0,1,1
8536,Q423,0,1,1
8537,Q428,1,0,1
8538,Q429,1,0,1
8539,Q430,49,29,78
8540,Q431,9,5,14
8541,Q432,1,17,18
8542,Q433,14,16,30
8543,Q434,0,1,1
8544,Q437,0,1,1
8545,Q438,22,28,50
8546,Q439,16,26,42
8547,Q441,1,5,6
8548,Q442,0,1,1
8549,Q444,1,4,5
8550,Q445,3,8,11
8551,Q446,20,48,68
8552,Q447,2,7,9
8553,Q451,0,1,1
8554,Q453,10,5,15
8555,Q458,8,8,16
8556,Q459,3,2,5
8557,Q474,0,2,2
8558,Q484,0,7,7
8559,Q489,0,1,1
8560,Q491,0,8,8
8561,Q492,0,5,5
8562,Q493,0,19,19
8563,Q494,0,1,1
8564,Q498,0,2,2
8565,Q500,0,3,3
8566,Q501,0,3,3
8567,Q504,0,134,134
8568,Q505,0,15,15
8569,Q506,0,2,2
8570,Q509,0,1,1
8571,Q510,0,1,1
8572,Q511,0,7,7
8573,Q512,0,33,33
8574,Q513,0,108,108
8575,Q514,0,10,10
8576,Q518,0,27,27
8577,Q519,0,4,4
8578,Q520,0,2,2
8579,Q521,0,10,10
8580,Q522,0,1,1
8581,Q524,0,9,9
8582,Q525,0,23,23
8583,Q526,0,1,1
8584,Q527,0,2,2
8585,Q528,0,5,5
8586,Q530,2,0,2
8587,Q531,34,0,34
8588,Q532,8,0,8
8589,Q539,8,0,8
8590,Q540,38,0,38
8591,Q541,19,1,20
8592,Q543,0,1,1
8593,Q544,1,2,3
8594,Q545,0,1,1
8595,Q548,10,1,11
8596,Q549,65,0,65
8597,Q550,5,0,5
8598,Q551,0,3,3
8599,Q552,16,14,30
8600,Q553,0,24,24
8601,Q554,8,16,24
8602,Q555,1,8,9
8603,Q556,14,0,14
8604,Q558,4,14,18
8605,Q559,0,2,2
8606,Q560,1,0,1
8607,Q568,0,1,1
8608,Q600,61,31,92
8609,Q601,0,1,1
8610,Q602,16,12,28
8611,Q603,5,1,6
8612,Q606,1,1,2
8613,Q610,58,41,99
8614,Q611,1,0,1
8615,Q612,67,67,134
8616,Q613,117,95,212
8617,Q614,10,4,14
8618,Q615,18,12,30
8619,Q618,1,1,2
8620,Q619,13,14,27
8621,Q620,3,4,7
8622,Q621,5,3,8
8623,Q622,4,5,9
8624,Q623,1,3,4
8625,Q625,9,15,24
8626,Q628,1,5,6
8627,Q630,47,85,132
8628,Q631,38,14,52
8629,Q632,11,9,20
8630,Q633,1,0,1
8631,Q638,5,6,11
8632,Q639,3,4,7
8633,Q640,1,0,1
8634,Q641,2,2,4
8635,Q642,1,1,2
8636,Q643,17,6,23
8637,Q644,6,3,9
8638,Q647,9,2,11
8639,Q648,2,2,4
8640,Q649,2,0,2
8641,Q650,0,6,6
8642,Q651,1,5,6
8643,Q652,2,6,8
8644,Q658,10,70,80
8645,Q659,2,4,6
8646,Q660,11,4,15
8647,Q662,0,17,17
8648,Q663,4,18,22
8649,Q665,0,6,6
8650,Q666,7,0,7
8651,Q667,13,10,23
8652,Q668,39,67,106
8653,Q669,4,10,14
8654,Q670,0,3,3
8655,Q674,5,6,11
8656,Q675,7,18,25
8657,Q676,11,10,21
8658,Q677,0,1,1
8659,Q678,0,1,1
8660,Q681,0,2,2
8661,Q682,1,0,1
8662,Q688,3,8,11
8663,Q692,1,0,1
8664,Q700,1,0,1
8665,Q703,2,3,5
8666,Q710,1,2,3
8667,Q713,1,2,3
8668,Q716,0,1,1
8669,Q718,1,1,2
8670,Q719,1,3,4
8671,Q720,0,1,1
8672,Q723,1,0,1
8673,Q724,0,1,1
8674,Q728,2,2,4
8675,Q730,1,0,1
8676,Q731,0,1,1
8677,Q740,6,9,15
8678,Q741,10,9,19
8679,Q742,5,15,20
8680,Q743,0,3,3
8681,Q748,1,2,3
8682,Q750,0,2,2
8683,Q754,2,2,4
8684,Q758,2,0,2
8685,Q759,0,1,1
8686,Q760,17,38,55
8687,Q761,2,10,12
8688,Q762,1,2,3
8689,Q763,0,2,2
8690,Q764,19,32,51
8691,Q765,0,7,7
8692,Q766,1,3,4
8693,Q767,1,0,1
8694,Q769,0,1,1
8695,Q773,3,2,5
8696,Q774,4,6,10
8697,Q775,1,1,2
8698,Q777,2,2,4
8699,Q780,11,16,27
8700,Q781,1,2,3
8701,Q782,3,5,8
8702,Q784,0,3,3
8703,Q786,3,2,5
8704,Q788,0,2,2
8705,Q789,1,2,3
8706,Q790,2,5,7
8707,Q791,4,5,9
8708,Q792,0,1,1
8709,Q795,4,0,4
8710,Q796,14,49,63
8711,Q798,11,10,21
8712,Q799,1,0,1
8713,Q801,1,0,1
8714,Q803,1,1,2
8715,Q808,1,1,2
8716,Q809,3,4,7
8717,Q810,1,0,1
8718,Q812,0,1,1
8719,Q818,1,0,1
8720,Q820,2,9,11
8721,Q821,1,1,2
8722,Q822,9,8,17
8723,Q824,1,0,1
8724,Q825,16,32,48
8725,Q828,28,34,62
8726,Q829,1,3,4
8727,Q831,0,29,29
8728,Q832,0,1,1
8729,Q833,0,8,8
8730,Q838,0,24,24
8731,Q839,0,3,3
8732,Q846,1,0,1
8733,Q850,32,45,77
8734,Q851,2,4,6
8735,Q858,9,13,22
8736,Q859,17,18,35
8737,Q861,0,1,1
8738,Q870,5,8,13
8739,Q871,4,11,15
8740,Q872,2,5,7
8741,Q873,1,1,2
8742,Q874,41,26,67
8743,Q875,0,2,2
8744,Q878,9,12,21
8745,Q890,6,3,9
8746,Q891,1,4,5
8747,Q892,36,40,76
8748,Q893,5,5,10
8749,Q897,1,0,1
8750,Q898,1,1,2
8751,Q909,4,6,10
8752,Q912,1,1,2
8753,Q913,0,1,1
8754,Q917,1,1,2
8755,Q928,2,3,5
8756,Q935,1,1,2
8757,Q963,0,2,2
8758,Q969,0,23,23
8759,Q971,2,2,4
8760,Q978,0,2,2
8761,Q980,1,1,2
8762,Q981,0,1,1
8763,Q984,10,0,10
8764,Q987,1,0,1
8765,Q988,1,0,1
8766,Q989,1,0,1
8767,Q992,0,2,2
8768,Q998,5,7,12
8769,Q999,0,4,4
8770,R000,1151,1211,2362
8771,R001,1870,938,2808
8772,R002,1269,2265,3534
8773,R008,131,96,227
8774,R010,30,68,98
8775,R011,308,728,1036
8776,R012,3,3,6
8777,R02,414,206,620
8778,R030,779,677,1456
8779,R031,549,598,1147
8780,R040,1358,924,2282
8781,R041,7,4,11
8782,R042,1087,751,1838
8783,R048,20,14,34
8784,R049,0,1,1
8785,R05,1335,1580,2915
8786,R053,0,5,5
8787,R058,0,1,1
8788,R060,2834,3142,5976
8789,R061,43,66,109
8790,R062,123,132,255
8791,R063,4,1,5
8792,R064,81,158,239
8793,R065,1227,472,1699
8794,R066,99,6,105
8795,R067,2,4,6
8796,R068,431,410,841
8797,R070,129,189,318
8798,R071,81,122,203
8799,R072,1749,1748,3497
8800,R073,3928,4158,8086
8801,R074,9889,9564,19453
8802,R090,139,101,240
8803,R091,182,251,433
8804,R092,66,54,120
8805,R093,49,33,82
8806,R098,91,98,189
8807,R100,112,154,266
8808,R101,3061,5070,8131
8809,R102,146,884,1030
8810,R103,2230,4411,6641
8811,R104,5436,9744,15180
8812,R105,0,2,2
8813,R11,4151,6961,11112
8814,R12,663,1242,1905
8815,R121,0,1,1
8816,R128,0,2,2
8817,R13,2832,3597,6429
8818,R14,620,1091,1711
8819,R141,0,4,4
8820,R149,0,2,2
8821,R15,537,1298,1835
8822,R151,0,6,6
8823,R160,151,79,230
8824,R161,266,128,394
8825,R162,49,25,74
8826,R17,545,351,896
8827,R172,0,119,119
8828,R178,0,1,1
8829,R179,0,4,4
8830,R18,787,834,1621
8831,R181,0,1,1
8832,R182,0,139,139
8833,R189,0,4,4
8834,R190,285,746,1031
8835,R191,6,2,8
8836,R192,8,7,15
8837,R193,0,1,1
8838,R194,3862,6963,10825
8839,R195,777,1057,1834
8840,R196,11,11,22
8841,R198,574,937,1511
8842,R200,13,16,29
8843,R201,8,16,24
8844,R202,654,863,1517
8845,R203,8,8,16
8846,R208,581,699,1280
8847,R21,859,916,1775
8848,R211,0,1,1
8849,R213,0,5,5
8850,R214,0,13,13
8851,R215,0,30,30
8852,R219,0,2,2
8853,R220,145,149,294
8854,R221,175,177,352
8855,R222,124,198,322
8856,R223,85,139,224
8857,R224,231,262,493
8858,R227,6,10,16
8859,R228,0,3,3
8860,R229,74,151,225
8861,R230,14,23,37
8862,R231,58,41,99
8863,R232,26,54,80
8864,R233,59,48,107
8865,R234,44,59,103
8866,R238,116,125,241
8867,R239,0,3,3
8868,R249,0,522,522
8869,R250,2,1,3
8870,R251,181,182,363
8871,R252,180,196,376
8872,R253,39,37,76
8873,R258,65,68,133
8874,R260,55,43,98
8875,R261,2,2,4
8876,R262,81,84,165
8877,R263,132,126,258
8878,R268,1056,941,1997
8879,R270,133,103,236
8880,R271,0,5,5
8881,R278,60,55,115
8882,R281,0,1,1
8883,R288,0,1,1
8884,R290,3,6,9
8885,R291,4,11,15
8886,R292,10,8,18
8887,R293,1,4,5
8888,R294,1,1,2
8889,R296,1264,1079,2343
8890,R298,814,856,1670
8891,R300,511,431,942
8892,R301,7,17,24
8893,R302,0,2,2
8894,R309,55,56,111
8895,R31,7911,5555,13466
8896,R32,878,1496,2374
8897,R323,0,9,9
8898,R324,0,4,4
8899,R33,5615,1729,7344
8900,R34,73,37,110
8901,R348,0,8,8
8902,R35,1935,1411,3346
8903,R36,30,8,38
8904,R371,0,1,1
8905,R373,0,2,2
8906,R381,0,1,1
8907,R390,15,7,22
8908,R391,1113,502,1615
8909,R392,3,0,3
8910,R398,1923,995,2918
8911,R400,178,174,352
8912,R401,32,14,46
8913,R402,191,149,340
8914,R410,1457,1001,2458
8915,R411,20,16,36
8916,R412,55,39,94
8917,R413,342,250,592
8918,R418,303,239,542
8919,R42,2181,2357,4538
8920,R421,0,1,1
8921,R430,11,13,24
8922,R431,2,5,7
8923,R432,5,4,9
8924,R438,19,17,36
8925,R440,55,53,108
8926,R441,133,88,221
8927,R442,8,6,14
8928,R443,132,102,234
8929,R448,31,37,68
8930,R450,13,30,43
8931,R451,175,101,276
8932,R452,27,44,71
8933,R453,3,2,5
8934,R454,28,11,39
8935,R455,19,8,27
8936,R456,26,5,31
8937,R457,9,11,20
8938,R458,193,166,359
8939,R460,13,3,16
8940,R461,1,0,1
8941,R462,25,20,45
8942,R464,24,21,45
8943,R466,2,2,4
8944,R468,76,27,103
8945,R470,376,323,699
8946,R471,139,108,247
8947,R478,398,334,732
8948,R480,5,5,10
8949,R482,5,1,6
8950,R488,4,0,4
8951,R490,381,457,838
8952,R491,7,9,16
8953,R492,1,0,1
8954,R498,24,48,72
8955,R500,163,83,246
8956,R501,14,8,22
8957,R502,10,10,20
8958,R508,118,77,195
8959,R509,1737,1782,3519
8960,R51,2693,4230,6923
8961,R520,71,54,125
8962,R521,287,349,636
8963,R522,141,233,374
8964,R529,95,133,228
8965,R53,1273,1502,2775
8966,R54,250,194,444
8967,R55,4846,3873,8719
8968,R560,3,7,10
8969,R568,1094,825,1919
8970,R570,70,26,96
8971,R571,11,14,25
8972,R572,136,95,231
8973,R578,3,2,5
8974,R579,16,6,22
8975,R58,39,41,80
8976,R590,903,856,1759
8977,R591,270,186,456
8978,R599,121,142,263
8979,R600,736,685,1421
8980,R601,37,31,68
8981,R609,261,221,482
8982,R610,10,20,30
8983,R611,4,3,7
8984,R619,328,207,535
8985,R628,6,3,9
8986,R629,1,1,2
8987,R630,398,473,871
8988,R631,41,71,112
8989,R632,0,2,2
8990,R633,23,19,42
8991,R634,2593,3131,5724
8992,R635,20,41,61
8993,R636,22,14,36
8994,R638,143,157,300
8995,R64,38,17,55
8996,R650,60,33,93
8997,R651,89,50,139
8998,R652,2,1,3
8999,R653,2,3,5
9000,R659,18,18,36
9001,R680,52,56,108
9002,R682,9,17,26
9003,R683,11,6,17
9004,R688,173,117,290
9005,R69,5718,7246,12964
9006,R700,31,40,71
9007,R701,6,9,15
9008,R71,30,26,56
9009,R72,129,134,263
9010,R730,161,123,284
9011,R739,211,179,390
9012,R740,20,20,40
9013,R748,121,69,190
9014,R749,17,5,22
9015,R760,24,9,33
9016,R761,4,3,7
9017,R768,160,35,195
9018,R769,8,6,14
9019,R770,9,10,19
9020,R771,12,11,23
9021,R772,2,1,3
9022,R778,53,34,87
9023,R779,25,20,45
9024,R780,18,8,26
9025,R787,1,1,2
9026,R788,14,8,22
9027,R789,3,3,6
9028,R790,91,86,177
9029,R798,4800,1412,6212
9030,R799,170,117,287
9031,R80,176,94,270
9032,R81,21,66,87
9033,R820,1,0,1
9034,R821,9,3,12
9035,R823,3,0,3
9036,R824,7,15,22
9037,R825,4,5,9
9038,R826,2,0,2
9039,R827,32,37,69
9040,R828,52,22,74
9041,R829,70,65,135
9042,R833,1,0,1
9043,R834,2,2,4
9044,R835,3,3,6
9045,R836,3,0,3
9046,R837,1,0,1
9047,R838,7,8,15
9048,R839,1,0,1
9049,R840,0,1,1
9050,R844,1,0,1
9051,R845,46,37,83
9052,R846,7,9,16
9053,R847,7,3,10
9054,R848,1,1,2
9055,R849,2,3,5
9056,R850,0,5,5
9057,R854,1,0,1
9058,R855,44,54,98
9059,R856,2,3,5
9060,R857,28,29,57
9061,R858,8,11,19
9062,R859,3,4,7
9063,R860,11,0,11
9064,R861,6,0,6
9065,R865,6,0,6
9066,R866,13,0,13
9067,R867,13,0,13
9068,R868,80,0,80
9069,R869,15,0,15
9070,R870,0,6,6
9071,R871,0,3,3
9072,R873,0,1,1
9073,R874,0,2,2
9074,R875,0,7,7
9075,R876,0,1046,1046
9076,R877,0,47,47
9077,R878,0,3,3
9078,R879,0,31,31
9079,R890,4,2,6
9080,R891,0,3,3
9081,R893,1,0,1
9082,R894,4,3,7
9083,R895,11,3,14
9084,R896,1,4,5
9085,R897,12,14,26
9086,R898,3,5,8
9087,R899,2,3,5
9088,R900,75,72,147
9089,R908,86,107,193
9090,R91,1379,1187,2566
9091,R92,1,51,52
9092,R930,68,73,141
9093,R931,208,113,321
9094,R932,172,194,366
9095,R933,597,794,1391
9096,R934,180,127,307
9097,R935,105,249,354
9098,R936,16,10,26
9099,R937,61,67,128
9100,R938,116,168,284
9101,R940,7,13,20
9102,R941,3,4,7
9103,R942,17,13,30
9104,R943,272,250,522
9105,R944,70,48,118
9106,R945,1807,1830,3637
9107,R946,13,27,40
9108,R947,8,15,23
9109,R948,20,16,36
9110,R99,5,2,7
9111,S000,222,144,366
9112,S001,148,141,289
9113,S002,67,52,119
9114,S003,63,72,135
9115,S004,17,8,25
9116,S005,29,27,56
9117,S007,61,33,94
9118,S008,561,480,1041
9119,S009,286,220,506
9120,S010,482,260,742
9121,S011,229,111,340
9122,S012,137,87,224
9123,S013,113,52,165
9124,S014,74,35,109
9125,S015,207,158,365
9126,S016,0,1,1
9127,S017,64,19,83
9128,S018,719,420,1139
9129,S019,195,111,306
9130,S020,16,3,19
9131,S0200,91,23,114
9132,S0201,6,0,6
9133,S021,40,23,63
9134,S0210,163,95,258
9135,S0211,9,3,12
9136,S022,64,43,107
9137,S0220,230,187,417
9138,S0221,9,6,15
9139,S023,13,9,22
9140,S0230,85,53,138
9141,S0231,2,1,3
9142,S024,70,17,87
9143,S0240,259,107,366
9144,S0241,9,2,11
9145,S025,45,37,82
9146,S0250,65,83,148
9147,S026,27,5,32
9148,S0260,121,51,172
9149,S0261,4,0,4
9150,S027,3,0,3
9151,S0270,27,15,42
9152,S0271,1,1,2
9153,S028,14,3,17
9154,S0280,68,34,102
9155,S0281,5,0,5
9156,S029,14,3,17
9157,S0290,29,13,42
9158,S0291,1,0,1
9159,S030,4,3,7
9160,S031,3,4,7
9161,S032,13,6,19
9162,S033,0,2,2
9163,S034,1,0,1
9164,S038,0,1,1
9165,S041,0,1,1
9166,S042,2,1,3
9167,S043,1,1,2
9168,S045,2,3,5
9169,S048,1,2,3
9170,S049,1,3,4
9171,S050,30,29,59
9172,S051,61,49,110
9173,S052,15,2,17
9174,S053,23,7,30
9175,S054,3,1,4
9176,S055,15,5,20
9177,S056,4,2,6
9178,S057,1,0,1
9179,S058,49,35,84
9180,S059,24,16,40
9181,S060,32,18,50
9182,S0600,66,54,120
9183,S0601,0,1,1
9184,S061,5,1,6
9185,S0610,7,9,16
9186,S062,24,13,37
9187,S0620,91,51,142
9188,S0621,3,1,4
9189,S063,40,40,80
9190,S0630,63,37,100
9191,S0631,2,0,2
9192,S064,33,30,63
9193,S0640,49,17,66
9194,S0641,1,1,2
9195,S065,490,390,880
9196,S0650,213,120,333
9197,S0651,3,3,6
9198,S066,51,20,71
9199,S0660,134,101,235
9200,S0661,3,0,3
9201,S067,43,41,84
9202,S068,91,83,174
9203,S0680,56,38,94
9204,S0681,3,0,3
9205,S069,596,630,1226
9206,S0690,25,15,40
9207,S0691,0,1,1
9208,S070,1,1,2
9209,S078,1,1,2
9210,S079,4,7,11
9211,S080,1,0,1
9212,S081,13,13,26
9213,S082,20,24,44
9214,S083,4,3,7
9215,S088,1,1,2
9216,S089,4,6,10
9217,S090,16,4,20
9218,S091,2,8,10
9219,S092,7,12,19
9220,S097,6,1,7
9221,S098,32,32,64
9222,S099,1000,710,1710
9223,S100,1,2,3
9224,S101,7,7,14
9225,S102,3,0,3
9226,S107,4,2,6
9227,S108,5,7,12
9228,S109,36,26,62
9229,S110,0,2,2
9230,S111,2,1,3
9231,S112,3,3,6
9232,S115,1,0,1
9233,S117,7,1,8
9234,S118,7,4,11
9235,S119,21,9,30
9236,S1200,14,7,21
9237,S121,5,5,10
9238,S1210,39,30,69
9239,S122,11,4,15
9240,S1220,90,41,131
9241,S127,5,2,7
9242,S1270,54,19,73
9243,S128,0,4,4
9244,S1280,2,0,2
9245,S1281,2,0,2
9246,S129,10,5,15
9247,S1290,25,11,36
9248,S1291,0,1,1
9249,S130,4,1,5
9250,S131,62,64,126
9251,S132,36,51,87
9252,S134,32,37,69
9253,S136,14,21,35
9254,S139,3,2,5
9255,S140,2,1,3
9256,S141,45,28,73
9257,S142,8,8,16
9258,S143,19,8,27
9259,S145,3,0,3
9260,S146,1,1,2
9261,S150,1,0,1
9262,S151,20,14,34
9263,S152,18,21,39
9264,S158,1,3,4
9265,S159,3,4,7
9266,S16,3,2,5
9267,S182,1,0,1
9268,S198,17,13,30
9269,S199,53,47,100
9270,S200,3,11,14
9271,S201,5,17,22
9272,S202,61,51,112
9273,S203,24,17,41
9274,S204,10,11,21
9275,S207,3,2,5
9276,S208,128,61,189
9277,S210,0,7,7
9278,S211,17,3,20
9279,S212,23,2,25
9280,S217,3,0,3
9281,S218,2,0,2
9282,S219,14,6,20
9283,S220,45,25,70
9284,S2200,194,151,345
9285,S221,8,4,12
9286,S2210,55,37,92
9287,S222,26,24,50
9288,S2220,85,84,169
9289,S223,69,19,88
9290,S2230,266,118,384
9291,S2231,0,2,2
9292,S224,88,30,118
9293,S2240,531,188,719
9294,S2241,1,1,2
9295,S225,8,0,8
9296,S2250,46,20,66
9297,S2251,1,0,1
9298,S2280,0,4,4
9299,S229,1,0,1
9300,S2290,1,0,1
9301,S231,5,1,6
9302,S232,3,2,5
9303,S233,2,0,2
9304,S234,6,5,11
9305,S235,2,1,3
9306,S238,0,1,1
9307,S239,0,1,1
9308,S240,0,1,1
9309,S241,8,3,11
9310,S242,0,1,1
9311,S243,1,0,1
9312,S244,0,1,1
9313,S246,0,3,3
9314,S250,2,0,2
9315,S251,1,1,2
9316,S252,1,1,2
9317,S253,1,2,3
9318,S254,1,0,1
9319,S258,1,0,1
9320,S268,2,0,2
9321,S2680,3,4,7
9322,S2681,1,0,1
9323,S2690,1,0,1
9324,S270,52,26,78
9325,S2700,205,81,286
9326,S2701,8,3,11
9327,S271,16,4,20
9328,S2710,68,19,87
9329,S2711,3,1,4
9330,S272,23,5,28
9331,S2720,74,17,91
9332,S2721,2,1,3
9333,S273,20,5,25
9334,S2730,59,19,78
9335,S2731,2,1,3
9336,S275,2,2,4
9337,S2760,2,2,4
9338,S2770,1,0,1
9339,S278,5,3,8
9340,S2780,10,8,18
9341,S2781,2,0,2
9342,S279,1,1,2
9343,S2790,1,0,1
9344,S2791,1,0,1
9345,S280,2,0,2
9346,S290,4,5,9
9347,S297,1,0,1
9348,S298,13,1,14
9349,S299,70,36,106
9350,S300,36,40,76
9351,S301,50,57,107
9352,S302,39,5,44
9353,S305,0,1,1
9354,S307,3,8,11
9355,S308,143,95,238
9356,S309,64,56,120
9357,S310,20,15,35
9358,S311,20,12,32
9359,S312,6,0,6
9360,S313,6,0,6
9361,S314,1,27,28
9362,S316,0,1,1
9363,S317,4,4,8
9364,S318,23,11,34
9365,S320,37,33,70
9366,S3200,235,216,451
9367,S321,4,8,12
9368,S3210,31,63,94
9369,S3211,0,1,1
9370,S322,1,0,1
9371,S3220,3,5,8
9372,S323,3,1,4
9373,S3230,42,18,60
9374,S3231,2,1,3
9375,S324,23,10,33
9376,S3240,114,62,176
9377,S3241,1,0,1
9378,S325,34,38,72
9379,S3250,156,270,426
9380,S3251,0,3,3
9381,S327,5,4,9
9382,S3270,83,31,114
9383,S3271,1,0,1
9384,S328,5,8,13
9385,S3280,33,30,63
9386,S330,3,2,5
9387,S331,1,5,6
9388,S332,4,5,9
9389,S333,4,2,6
9390,S334,2,1,3
9391,S335,3,5,8
9392,S336,1,1,2
9393,S337,0,1,1
9394,S341,8,4,12
9395,S342,5,4,9
9396,S343,1,1,2
9397,S344,1,0,1
9398,S345,1,0,1
9399,S348,0,1,1
9400,S350,1,0,1
9401,S351,2,0,2
9402,S352,16,2,18
9403,S353,1,0,1
9404,S354,2,1,3
9405,S355,6,3,9
9406,S358,6,1,7
9407,S359,8,3,11
9408,S360,18,10,28
9409,S3600,23,14,37
9410,S3601,4,2,6
9411,S361,10,16,26
9412,S3610,25,18,43
9413,S3611,2,5,7
9414,S362,2,3,5
9415,S3620,3,0,3
9416,S363,1,0,1
9417,S3630,1,1,2
9418,S3631,0,1,1
9419,S364,4,1,5
9420,S3640,12,5,17
9421,S3641,5,0,5
9422,S365,1,3,4
9423,S3650,5,2,7
9424,S3651,3,0,3
9425,S366,1,0,1
9426,S3660,4,1,5
9427,S3661,0,1,1
9428,S3670,2,0,2
9429,S368,3,2,5
9430,S3680,21,4,25
9431,S3681,1,1,2
9432,S369,1,0,1
9433,S3690,1,3,4
9434,S370,17,10,27
9435,S3700,27,9,36
9436,S3701,2,0,2
9437,S371,1,4,5
9438,S3710,2,3,5
9439,S372,1,5,6
9440,S3720,6,11,17
9441,S3721,1,3,4
9442,S373,5,0,5
9443,S3730,11,0,11
9444,S3731,2,0,2
9445,S3760,0,6,6
9446,S378,1,1,2
9447,S3780,5,1,6
9448,S3781,0,1,1
9449,S379,1,3,4
9450,S3790,5,0,5
9451,S380,5,0,5
9452,S381,4,0,4
9453,S390,13,18,31
9454,S396,1,0,1
9455,S397,1,0,1
9456,S398,15,14,29
9457,S399,128,106,234
9458,S400,57,46,103
9459,S401,1,0,1
9460,S407,7,4,11
9461,S408,22,18,40
9462,S409,100,74,174
9463,S410,24,5,29
9464,S411,56,28,84
9465,S412,1,0,1
9466,S417,5,0,5
9467,S418,5,4,9
9468,S420,72,26,98
9469,S4200,367,196,563
9470,S4201,6,0,6
9471,S421,64,33,97
9472,S4210,147,47,194
9473,S422,50,64,114
9474,S4220,339,562,901
9475,S4221,2,3,5
9476,S423,27,19,46
9477,S4230,104,133,237
9478,S4231,10,6,16
9479,S424,15,20,35
9480,S4240,63,118,181
9481,S4241,15,10,25
9482,S427,3,1,4
9483,S4270,29,8,37
9484,S4271,2,1,3
9485,S428,3,3,6
9486,S4280,7,8,15
9487,S429,9,9,18
9488,S4290,29,27,56
9489,S430,218,104,322
9490,S431,56,13,69
9491,S432,5,0,5
9492,S433,3,8,11
9493,S434,16,15,31
9494,S435,14,3,17
9495,S437,4,2,6
9496,S438,1,0,1
9497,S439,0,1,1
9498,S440,2,0,2
9499,S441,0,1,1
9500,S442,8,9,17
9501,S443,3,4,7
9502,S444,4,7,11
9503,S445,0,1,1
9504,S446,2,1,3
9505,S448,0,1,1
9506,S449,2,1,3
9507,S451,1,1,2
9508,S454,2,5,7
9509,S455,1,0,1
9510,S456,7,8,15
9511,S458,3,1,4
9512,S459,2,2,4
9513,S460,68,43,111
9514,S461,14,4,18
9515,S462,62,5,67
9516,S463,11,5,16
9517,S467,3,1,4
9518,S468,8,4,12
9519,S469,7,4,11
9520,S47,2,0,2
9521,S471,10,12,22
9522,S472,75,58,133
9523,S473,0,1,1
9524,S474,2,5,7
9525,S476,1,1,2
9526,S478,1,0,1
9527,S480,0,1,1
9528,S481,1,1,2
9529,S482,0,4,4
9530,S491,0,4,4
9531,S493,0,5,5
9532,S497,2,0,2
9533,S498,11,8,19
9534,S499,59,61,120
9535,S500,41,32,73
9536,S501,13,14,27
9537,S502,0,2,2
9538,S507,8,8,16
9539,S508,27,33,60
9540,S509,102,55,157
9541,S510,112,65,177
9542,S517,22,24,46
9543,S518,61,42,103
9544,S519,94,50,144
9545,S520,45,52,97
9546,S5200,219,378,597
9547,S5201,45,13,58
9548,S521,32,46,78
9549,S5210,102,173,275
9550,S5211,6,5,11
9551,S522,6,2,8
9552,S5220,37,20,57
9553,S5221,9,2,11
9554,S523,3,5,8
9555,S5230,21,8,29
9556,S5231,1,0,1
9557,S524,3,7,10
9558,S5240,16,21,37
9559,S5241,8,3,11
9560,S525,126,360,486
9561,S5250,655,2669,3324
9562,S5251,16,39,55
9563,S526,15,49,64
9564,S5260,117,481,598
9565,S5261,13,37,50
9566,S527,5,7,12
9567,S5270,20,29,49
9568,S5271,8,2,10
9569,S528,16,16,32
9570,S5280,35,72,107
9571,S5281,1,4,5
9572,S529,1,3,4
9573,S5290,2,4,6
9574,S530,2,6,8
9575,S531,31,57,88
9576,S5310,2,1,3
9577,S5311,0,1,1
9578,S532,9,9,18
9579,S533,18,9,27
9580,S534,9,4,13
9581,S535,0,1,1
9582,S538,0,1,1
9583,S540,20,11,31
9584,S541,11,9,20
9585,S542,17,4,21
9586,S543,3,1,4
9587,S547,4,0,4
9588,S548,4,0,4
9589,S549,3,1,4
9590,S550,9,1,10
9591,S551,5,3,8
9592,S552,1,0,1
9593,S557,1,0,1
9594,S559,2,1,3
9595,S560,0,4,4
9596,S561,35,8,43
9597,S562,29,9,38
9598,S563,14,9,23
9599,S564,35,15,50
9600,S565,13,3,16
9601,S567,8,3,11
9602,S568,23,9,32
9603,S569,1,0,1
9604,S570,1,0,1
9605,S571,34,16,50
9606,S573,7,3,10
9607,S574,2,0,2
9608,S575,2,1,3
9609,S576,1,1,2
9610,S577,1,0,1
9611,S578,3,2,5
9612,S579,9,4,13
9613,S580,0,1,1
9614,S597,1,0,1
9615,S598,2,3,5
9616,S599,21,17,38
9617,S600,12,23,35
9618,S601,4,5,9
9619,S602,25,25,50
9620,S603,0,4,4
9621,S604,4,10,14
9622,S606,1,0,1
9623,S607,12,7,19
9624,S608,106,65,171
9625,S609,82,71,153
9626,S610,1085,554,1639
9627,S611,300,129,429
9628,S617,59,54,113
9629,S618,299,177,476
9630,S619,276,148,424
9631,S620,16,9,25
9632,S6200,51,39,90
9633,S621,9,1,10
9634,S6210,14,9,23
9635,S6211,2,0,2
9636,S622,23,5,28
9637,S6220,79,20,99
9638,S6221,3,1,4
9639,S623,51,24,75
9640,S6230,182,145,327
9641,S6231,20,8,28
9642,S624,6,1,7
9643,S6240,31,20,51
9644,S6241,0,1,1
9645,S625,31,10,41
9646,S6250,104,52,156
9647,S6251,53,16,69
9648,S626,132,70,202
9649,S6260,383,252,635
9650,S6261,209,68,277
9651,S627,7,7,14
9652,S6270,18,23,41
9653,S6271,21,3,24
9654,S628,16,19,35
9655,S6280,40,103,143
9656,S6281,4,2,6
9657,S630,27,10,37
9658,S631,140,78,218
9659,S6311,1,0,1
9660,S632,6,4,10
9661,S633,18,12,30
9662,S634,74,72,146
9663,S635,15,14,29
9664,S636,52,45,97
9665,S637,4,3,7
9666,S640,39,30,69
9667,S641,27,35,62
9668,S642,37,28,65
9669,S643,57,31,88
9670,S644,204,123,327
9671,S647,7,3,10
9672,S648,0,1,1
9673,S649,2,1,3
9674,S650,16,11,27
9675,S651,24,14,38
9676,S652,1,1,2
9677,S654,4,3,7
9678,S655,34,8,42
9679,S657,1,2,3
9680,S658,3,2,5
9681,S659,3,1,4
9682,S660,50,26,76
9683,S661,144,97,241
9684,S662,152,45,197
9685,S663,309,107,416
9686,S664,1,2,3
9687,S665,2,3,5
9688,S666,37,15,52
9689,S667,35,10,45
9690,S668,45,20,65
9691,S669,24,13,37
9692,S670,101,20,121
9693,S678,10,2,12
9694,S680,31,6,37
9695,S681,245,73,318
9696,S682,43,7,50
9697,S683,2,1,3
9698,S688,1,0,1
9699,S697,13,13,26
9700,S698,17,7,24
9701,S699,76,72,148
9702,S700,34,35,69
9703,S701,44,34,78
9704,S703,0,1,1
9705,S707,5,4,9
9706,S708,23,17,40
9707,S709,97,70,167
9708,S710,8,7,15
9709,S711,48,22,70
9710,S717,5,2,7
9711,S718,2,0,2
9712,S720,65,103,168
9713,S7200,462,898,1360
9714,S7201,1,3,4
9715,S721,17,13,30
9716,S7210,183,202,385
9717,S7211,0,2,2
9718,S722,6,2,8
9719,S7220,50,55,105
9720,S7221,1,0,1
9721,S723,14,6,20
9722,S7230,65,74,139
9723,S7231,11,2,13
9724,S724,12,11,23
9725,S7240,51,74,125
9726,S7241,11,7,18
9727,S7270,4,1,5
9728,S728,1,4,5
9729,S7280,9,17,26
9730,S729,3,7,10
9731,S7290,18,11,29
9732,S7291,1,2,3
9733,S730,23,28,51
9734,S731,5,9,14
9735,S740,2,4,6
9736,S741,0,1,1
9737,S748,0,1,1
9738,S749,0,2,2
9739,S750,4,3,7
9740,S751,1,1,2
9741,S757,0,1,1
9742,S759,2,1,3
9743,S760,3,5,8
9744,S761,225,25,250
9745,S7610,0,1,1
9746,S762,2,4,6
9747,S763,8,5,13
9748,S764,15,12,27
9749,S767,3,1,4
9750,S797,0,1,1
9751,S798,16,10,26
9752,S799,82,77,159
9753,S800,55,67,122
9754,S801,53,43,96
9755,S807,13,17,30
9756,S808,86,87,173
9757,S809,233,185,418
9758,S810,120,92,212
9759,S817,17,17,34
9760,S818,118,95,213
9761,S819,81,79,160
9762,S820,28,23,51
9763,S8200,82,154,236
9764,S8201,11,18,29
9765,S821,51,51,102
9766,S8210,172,276,448
9767,S8211,12,5,17
9768,S822,70,41,111
9769,S8220,184,149,333
9770,S8221,53,27,80
9771,S823,38,35,73
9772,S8230,172,177,349
9773,S8231,34,28,62
9774,S824,34,33,67
9775,S8240,137,154,291
9776,S8241,2,0,2
9777,S825,23,22,45
9778,S8250,95,127,222
9779,S8251,13,8,21
9780,S826,39,79,118
9781,S8260,233,407,640
9782,S8261,3,7,10
9783,S827,6,1,7
9784,S8270,13,17,30
9785,S8271,3,1,4
9786,S828,95,238,333
9787,S8280,472,1185,1657
9788,S8281,27,37,64
9789,S829,4,2,6
9790,S8290,4,9,13
9791,S8291,2,3,5
9792,S830,2,6,8
9793,S831,2,4,6
9794,S832,257,145,402
9795,S833,7,7,14
9796,S834,20,13,33
9797,S835,87,55,142
9798,S836,48,40,88
9799,S837,14,5,19
9800,S840,1,1,2
9801,S841,7,1,8
9802,S848,1,0,1
9803,S849,2,0,2
9804,S850,2,1,3
9805,S851,3,3,6
9806,S852,1,0,1
9807,S854,2,0,2
9808,S858,2,0,2
9809,S859,5,0,5
9810,S860,378,143,521
9811,S861,16,13,29
9812,S862,14,4,18
9813,S863,1,6,7
9814,S867,1,0,1
9815,S868,42,19,61
9816,S869,25,14,39
9817,S878,5,1,6
9818,S880,1,0,1
9819,S881,1,0,1
9820,S889,3,1,4
9821,S897,2,0,2
9822,S898,22,23,45
9823,S899,94,90,184
9824,S900,11,8,19
9825,S901,7,4,11
9826,S902,3,2,5
9827,S903,19,11,30
9828,S907,2,2,4
9829,S908,23,36,59
9830,S909,55,59,114
9831,S910,20,25,45
9832,S911,37,25,62
9833,S912,10,4,14
9834,S913,82,66,148
9835,S917,2,1,3
9836,S920,54,11,65
9837,S9200,173,78,251
9838,S9201,5,0,5
9839,S921,8,6,14
9840,S9210,24,24,48
9841,S9211,2,4,6
9842,S922,11,8,19
9843,S9220,36,29,65
9844,S9221,1,0,1
9845,S923,25,24,49
9846,S9230,100,159,259
9847,S9231,4,0,4
9848,S924,4,5,9
9849,S9240,23,17,40
9850,S9241,19,5,24
9851,S925,16,12,28
9852,S9250,23,33,56
9853,S9251,11,7,18
9854,S927,8,5,13
9855,S9270,17,18,35
9856,S9271,4,2,6
9857,S929,4,1,5
9858,S9290,5,3,8
9859,S9291,3,1,4
9860,S930,26,23,49
9861,S931,29,45,74
9862,S932,5,5,10
9863,S933,10,10,20
9864,S934,33,77,110
9865,S9340,0,1,1
9866,S936,1,6,7
9867,S941,0,1,1
9868,S942,0,2,2
9869,S943,0,1,1
9870,S947,1,0,1
9871,S950,1,0,1
9872,S957,1,0,1
9873,S958,1,2,3
9874,S959,1,0,1
9875,S960,2,4,6
9876,S961,13,17,30
9877,S962,1,0,1
9878,S967,2,1,3
9879,S968,7,8,15
9880,S969,10,10,20
9881,S970,2,0,2
9882,S971,7,1,8
9883,S978,9,3,12
9884,S981,6,2,8
9885,S982,1,0,1
9886,S983,1,0,1
9887,S997,1,1,2
9888,S998,10,11,21
9889,S999,42,37,79
9890,SCOT,10,10,20
9891,SMR,531,547,1078
9892,T000,1,1,2
9893,T001,0,1,1
9894,T002,12,7,19
9895,T003,20,14,34
9896,T006,9,2,11
9897,T008,12,7,19
9898,T009,10,9,19
9899,T010,1,0,1
9900,T012,17,10,27
9901,T013,12,5,17
9902,T016,2,1,3
9903,T018,10,3,13
9904,T019,3,1,4
9905,T0200,2,0,2
9906,T0210,4,1,5
9907,T022,0,1,1
9908,T0220,1,5,6
9909,T0230,0,1,1
9910,T0231,0,1,1
9911,T024,6,12,18
9912,T0240,16,42,58
9913,T0241,0,2,2
9914,T025,4,2,6
9915,T0250,10,12,22
9916,T0251,1,2,3
9917,T0260,1,2,3
9918,T0270,1,1,2
9919,T028,8,2,10
9920,T0280,6,2,8
9921,T029,1,0,1
9922,T0290,2,0,2
9923,T032,1,0,1
9924,T033,1,2,3
9925,T034,1,0,1
9926,T038,0,1,1
9927,T041,1,0,1
9928,T048,1,0,1
9929,T054,2,1,3
9930,T055,1,0,1
9931,T058,4,0,4
9932,T060,0,1,1
9933,T062,0,1,1
9934,T063,1,1,2
9935,T064,5,2,7
9936,T065,0,1,1
9937,T068,2,0,2
9938,T07,2,0,2
9939,T071,1,0,1
9940,T08,5,2,7
9941,T081,1,2,3
9942,T08X0,3,3,6
9943,T090,17,8,25
9944,T091,1,1,2
9945,T092,7,2,9
9946,T093,11,2,13
9947,T094,1,0,1
9948,T098,1,1,2
9949,T099,7,4,11
9950,T10,2,2,4
9951,T102,5,0,5
9952,T10X0,0,1,1
9953,T110,23,15,38
9954,T111,12,11,23
9955,T112,0,1,1
9956,T113,1,0,1
9957,T114,1,0,1
9958,T118,1,1,2
9959,T119,6,1,7
9960,T12,0,1,1
9961,T121,2,0,2
9962,T122,2,1,3
9963,T123,6,8,14
9964,T124,13,8,21
9965,T125,1,0,1
9966,T128,4,0,4
9967,T130,28,23,51
9968,T131,7,6,13
9969,T132,2,5,7
9970,T134,0,1,1
9971,T135,4,3,7
9972,T138,3,1,4
9973,T139,5,5,10
9974,T140,63,51,114
9975,T141,16,13,29
9976,T142,2,0,2
9977,T1420,1,0,1
9978,T143,0,4,4
9979,T144,6,2,8
9980,T145,3,1,4
9981,T146,12,6,18
9982,T147,1,1,2
9983,T149,15,9,24
9984,T150,10,0,10
9985,T151,6,2,8
9986,T158,3,0,3
9987,T159,5,3,8
9988,T16,26,14,40
9989,T164,1,0,1
9990,T170,1,0,1
9991,T171,2,1,3
9992,T172,70,94,164
9993,T173,8,6,14
9994,T174,2,2,4
9995,T175,16,17,33
9996,T178,13,11,24
9997,T179,41,32,73
9998,T180,5,11,16
9999,T181,187,89,276
10000,T182,7,6,13
10001,T183,4,4,8
10002,T184,1,1,2
10003,T185,39,4,43
10004,T188,2,0,2
10005,T189,21,9,30
10006,T190,5,2,7
10007,T191,10,5,15
10008,T192,1,14,15
10009,T198,3,0,3
10010,T199,1,0,1
10011,T200,17,7,24
10012,T201,35,6,41
10013,T202,860,39,899
10014,T203,30,5,35
10015,T204,2,0,2
10016,T205,1,0,1
10017,T207,1,0,1
10018,T208,3,0,3
10019,T209,59,4,63
10020,T210,16,21,37
10021,T211,9,6,15
10022,T212,72,21,93
10023,T213,17,13,30
10024,T214,2,0,2
10025,T216,2,0,2
10026,T219,4,0,4
10027,T220,12,10,22
10028,T221,6,6,12
10029,T222,24,24,48
10030,T223,18,19,37
10031,T224,0,2,2
10032,T227,4,0,4
10033,T229,1,6,7
10034,T230,31,15,46
10035,T231,7,6,13
10036,T232,39,11,50
10037,T233,25,11,36
10038,T234,2,0,2
10039,T235,1,0,1
10040,T236,3,0,3
10041,T237,2,0,2
10042,T240,17,14,31
10043,T241,5,8,13
10044,T242,67,22,89
10045,T243,69,20,89
10046,T245,2,0,2
10047,T246,2,0,2
10048,T247,3,0,3
10049,T249,8,8,16
10050,T250,7,6,13
10051,T251,1,2,3
10052,T252,21,19,40
10053,T253,16,9,25
10054,T254,1,0,1
10055,T256,1,0,1
10056,T259,2,3,5
10057,T260,1,1,2
10058,T261,6,0,6
10059,T262,6,1,7
10060,T263,2,0,2
10061,T264,3,1,4
10062,T266,2,2,4
10063,T269,2,0,2
10064,T270,2,0,2
10065,T271,2,1,3
10066,T272,21,18,39
10067,T273,4,12,16
10068,T277,1,0,1
10069,T279,3,8,11
10070,T280,1,3,4
10071,T281,0,1,1
10072,T282,3,2,5
10073,T286,1,0,1
10074,T287,1,0,1
10075,T288,0,1,1
10076,T290,3,2,5
10077,T291,2,1,3
10078,T292,2,1,3
10079,T293,10,1,11
10080,T294,1,0,1
10081,T298,0,1,1
10082,T300,3,3,6
10083,T309,1,5,6
10084,T310,149,89,238
10085,T311,9,8,17
10086,T312,6,2,8
10087,T313,4,6,10
10088,T314,2,0,2
10089,T315,0,1,1
10090,T316,0,1,1
10091,T317,1,1,2
10092,T318,1,5,6
10093,T320,5,3,8
10094,T328,1,0,1
10095,T331,1,1,2
10096,T337,1,0,1
10097,T338,1,0,1
10098,T340,0,1,1
10099,T346,1,0,1
10100,T348,1,0,1
10101,T354,1,0,1
10102,T355,1,1,2
10103,T360,9,22,31
10104,T361,0,4,4
10105,T362,1,1,2
10106,T363,2,7,9
10107,T364,4,3,7
10108,T365,0,1,1
10109,T366,0,1,1
10110,T367,1,0,1
10111,T368,3,2,5
10112,T369,2,0,2
10113,T370,1,2,3
10114,T371,1,0,1
10115,T372,1,5,6
10116,T375,1,2,3
10117,T378,6,10,16
10118,T380,4,1,5
10119,T381,4,17,21
10120,T383,50,33,83
10121,T384,0,1,1
10122,T385,2,2,4
10123,T386,0,9,9
10124,T387,0,3,3
10125,T388,0,10,10
10126,T389,0,1,1
10127,T390,101,98,199
10128,T391,484,700,1184
10129,T392,1,0,1
10130,T393,151,241,392
10131,T394,2,0,2
10132,T398,23,36,59
10133,T399,7,15,22
10134,T400,2,0,2
10135,T401,7,2,9
10136,T402,197,247,444
10137,T403,5,2,7
10138,T404,41,49,90
10139,T405,10,0,10
10140,T406,33,30,63
10141,T407,2,0,2
10142,T408,1,0,1
10143,T409,1,1,2
10144,T410,1,0,1
10145,T412,3,0,3
10146,T413,2,8,10
10147,T414,0,3,3
10148,T415,1,2,3
10149,T420,14,7,21
10150,T421,20,16,36
10151,T422,0,10,10
10152,T423,3,28,31
10153,T424,172,297,469
10154,T425,0,3,3
10155,T426,125,205,330
10156,T427,14,20,34
10157,T428,5,10,15
10158,T430,129,206,335
10159,T431,3,8,11
10160,T432,228,334,562
10161,T433,42,65,107
10162,T434,14,13,27
10163,T435,55,87,142
10164,T436,16,11,27
10165,T438,1,5,6
10166,T439,5,183,188
10167,T440,0,1,1
10168,T441,1,2,3
10169,T442,0,1,1
10170,T443,10,19,29
10171,T444,1,2,3
10172,T446,9,2,11
10173,T447,57,52,109
10174,T449,5,7,12
10175,T450,21,52,73
10176,T451,18,19,37
10177,T452,12,15,27
10178,T453,0,1,1
10179,T454,4,3,7
10180,T455,29,21,50
10181,T456,0,1,1
10182,T458,2,1,3
10183,T459,1,1,2
10184,T460,6,6,12
10185,T461,26,15,41
10186,T462,10,10,20
10187,T463,11,6,17
10188,T464,48,26,74
10189,T465,16,8,24
10190,T466,38,24,62
10191,T467,2,3,5
10192,T468,2,0,2
10193,T469,5,2,7
10194,T470,5,5,10
10195,T471,28,18,46
10196,T472,3,6,9
10197,T474,1,7,8
10198,T475,1,0,1
10199,T476,3,4,7
10200,T478,5,2,7
10201,T479,0,1,1
10202,T481,0,1,1
10203,T482,0,1,1
10204,T483,0,2,2
10205,T484,1,2,3
10206,T485,1,6,7
10207,T486,6,6,12
10208,T490,3,7,10
10209,T491,0,1,1
10210,T493,0,1,1
10211,T494,2,2,4
10212,T496,1,0,1
10213,T497,2,1,3
10214,T498,0,1,1
10215,T499,0,1,1
10216,T500,3,1,4
10217,T501,6,6,12
10218,T502,7,8,15
10219,T503,1,1,2
10220,T504,13,2,15
10221,T505,1,0,1
10222,T506,7,5,12
10223,T507,0,2,2
10224,T508,7,5,12
10225,T509,100,134,234
10226,T510,333,395,728
10227,T511,2,2,4
10228,T512,0,5,5
10229,T513,0,1,1
10230,T518,1,0,1
10231,T519,57,65,122
10232,T520,3,0,3
10233,T521,117,25,142
10234,T522,11,2,13
10235,T523,1,1,2
10236,T524,1,0,1
10237,T525,60,18,78
10238,T526,10,2,12
10239,T528,10,1,11
10240,T529,2,2,4
10241,T531,2,2,4
10242,T534,1,0,1
10243,T541,15,2,17
10244,T542,3,2,5
10245,T543,1,2,3
10246,T548,6,1,7
10247,T549,5,8,13
10248,T55,4,4,8
10249,T552,2,1,3
10250,T553,0,1,1
10251,T556,1,0,1
10252,T558,2,1,3
10253,T561,9,2,11
10254,T562,2,0,2
10255,T565,1,0,1
10256,T568,13,22,35
10257,T569,1,0,1
10258,T572,0,1,1
10259,T573,0,1,1
10260,T578,5,6,11
10261,T58,28,17,45
10262,T591,13,31,44
10263,T592,33,49,82
10264,T593,1,0,1
10265,T594,12,21,33
10266,T597,1,0,1
10267,T598,49,23,72
10268,T599,10,10,20
10269,T600,1,2,3
10270,T601,0,3,3
10271,T602,1,1,2
10272,T603,2,0,2
10273,T604,0,4,4
10274,T608,1,0,1
10275,T609,0,3,3
10276,T612,1,2,3
10277,T618,0,1,1
10278,T619,1,0,1
10279,T620,1,1,2
10280,T622,12,2,14
10281,T624,5,0,5
10282,T625,7,20,27
10283,T628,4,1,5
10284,T629,11,5,16
10285,T630,3,0,3
10286,T634,57,38,95
10287,T636,0,1,1
10288,T639,2,5,7
10289,T642,2,4,6
10290,T644,1,1,2
10291,T645,2,1,3
10292,T648,0,1,1
10293,T650,1,0,1
10294,T652,6,9,15
10295,T653,2,0,2
10296,T656,1,1,2
10297,T658,4,4,8
10298,T659,13,9,22
10299,T66,16,10,26
10300,T670,1,2,3
10301,T671,6,4,10
10302,T674,1,1,2
10303,T675,2,0,2
10304,T676,69,26,95
10305,T678,9,2,11
10306,T679,8,5,13
10307,T68,67,35,102
10308,T684,0,1,1
10309,T686,3,2,5
10310,T691,14,12,26
10311,T692,2,0,2
10312,T698,1,2,3
10313,T699,0,2,2
10314,T700,2,1,3
10315,T702,5,7,12
10316,T703,16,4,20
10317,T704,1,1,2
10318,T705,1,1,2
10319,T71,6,10,16
10320,T711,0,2,2
10321,T718,0,1,1
10322,T721,1,1,2
10323,T722,0,1,1
10324,T723,73,67,140
10325,T728,2,9,11
10326,T730,1,0,1
10327,T731,1,1,2
10328,T733,4,1,5
10329,T738,0,1,1
10330,T739,1,0,1
10331,T741,3,4,7
10332,T743,2,0,2
10333,T744,6,13,19
10334,T746,3,1,4
10335,T748,9,4,13
10336,T751,8,5,13
10337,T753,1,3,4
10338,T754,16,14,30
10339,T772,2,0,2
10340,T773,2,4,6
10341,T774,2,1,3
10342,T778,0,1,1
10343,T779,0,1,1
10344,T780,26,40,66
10345,T781,23,48,71
10346,T782,98,105,203
10347,T783,105,93,198
10348,T784,131,229,360
10349,T788,7,11,18
10350,T789,5,4,9
10351,T790,1,1,2
10352,T791,43,21,64
10353,T792,6,3,9
10354,T793,118,83,201
10355,T794,11,4,15
10356,T795,11,8,19
10357,T796,63,22,85
10358,T797,54,29,83
10359,T798,21,33,54
10360,T799,2,4,6
10361,T800,1,0,1
10362,T801,29,18,47
10363,T802,42,60,102
10364,T805,1,0,1
10365,T806,1,2,3
10366,T808,47,52,99
10367,T809,6,9,15
10368,T810,2261,2572,4833
10369,T811,29,29,58
10370,T812,563,868,1431
10371,T813,659,632,1291
10372,T814,1970,2088,4058
10373,T815,48,74,122
10374,T816,5,4,9
10375,T817,47,38,85
10376,T818,923,948,1871
10377,T819,49,52,101
10378,T820,63,37,100
10379,T821,159,63,222
10380,T822,59,12,71
10381,T823,89,15,104
10382,T824,33,15,48
10383,T825,155,111,266
10384,T826,24,13,37
10385,T827,518,359,877
10386,T828,738,295,1033
10387,T829,27,15,42
10388,T830,361,98,459
10389,T831,114,85,199
10390,T832,15,3,18
10391,T833,0,124,124
10392,T834,18,88,106
10393,T835,92,65,157
10394,T836,5,29,34
10395,T838,110,127,237
10396,T839,20,14,34
10397,T840,794,951,1745
10398,T841,278,498,776
10399,T842,89,125,214
10400,T843,36,43,79
10401,T844,54,67,121
10402,T845,275,217,492
10403,T846,183,140,323
10404,T847,65,43,108
10405,T848,677,926,1603
10406,T849,24,26,50
10407,T850,16,18,34
10408,T851,24,30,54
10409,T852,87,103,190
10410,T853,70,67,137
10411,T854,0,253,253
10412,T855,242,192,434
10413,T856,167,142,309
10414,T857,237,278,515
10415,T858,212,237,449
10416,T859,24,41,65
10417,T860,44,23,67
10418,T861,51,33,84
10419,T862,3,7,10
10420,T863,1,1,2
10421,T864,16,6,22
10422,T867,2,0,2
10423,T868,67,68,135
10424,T869,3,4,7
10425,T870,0,2,2
10426,T871,1,0,1
10427,T872,12,7,19
10428,T873,22,37,59
10429,T874,49,10,59
10430,T875,17,2,19
10431,T876,60,20,80
10432,T877,11,8,19
10433,T878,5,5,10
10434,T879,2,2,4
10435,T881,1,3,4
10436,T882,4,8,12
10437,T883,3,3,6
10438,T884,96,111,207
10439,T885,30,44,74
10440,T886,41,71,112
10441,T887,81,129,210
10442,T888,40,38,78
10443,T889,11,3,14
10444,T900,3,10,13
10445,T901,10,15,25
10446,T902,109,50,159
10447,T903,3,5,8
10448,T904,69,18,87
10449,T905,62,20,82
10450,T908,18,19,37
10451,T909,62,42,104
10452,T910,5,0,5
10453,T911,43,25,68
10454,T912,18,18,36
10455,T913,59,21,80
10456,T914,1,2,3
10457,T915,3,1,4
10458,T918,54,39,93
10459,T919,25,15,40
10460,T920,38,29,67
10461,T921,66,107,173
10462,T922,61,68,129
10463,T923,37,20,57
10464,T924,10,3,13
10465,T925,45,25,70
10466,T926,13,9,22
10467,T928,33,18,51
10468,T929,38,26,64
10469,T930,25,20,45
10470,T931,35,20,55
10471,T932,130,114,244
10472,T933,115,79,194
10473,T934,2,0,2
10474,T935,15,15,30
10475,T936,3,4,7
10476,T938,56,43,99
10477,T939,47,38,85
10478,T940,4,4,8
10479,T941,45,21,66
10480,T950,2,3,5
10481,T951,5,4,9
10482,T952,18,2,20
10483,T953,7,3,10
10484,T958,3,3,6
10485,T959,2,1,3
10486,T96,6,1,7
10487,T962,25,31,56
10488,T963,1,0,1
10489,T968,2,4,6
10490,T97,3,2,5
10491,T978,1,0,1
10492,T980,0,3,3
10493,T981,13,15,28
10494,T982,2,3,5
10495,T983,29,39,68
10496,U049,1,0,1
10497,U051,222,183,405
10498,U052,42,31,73
10499,U054,5,3,8
10500,U055,7,18,25
10501,U062,1,0,1
10502,U071,15,10,25
10503,U073,2,1,3
10504,U081,16,16,32
10505,U082,4,4,8
10506,U085,0,1,1
10507,U091,6,3,9
10508,U092,3,0,3
10509,U093,1,0,1
10510,U101,1,5,6
10511,U102,3,2,5
10512,U103,2,3,5
10513,U106,20,15,35
10514,U111,1,0,1
10515,U112,7,4,11
10516,U113,3,1,4
10517,U114,3,1,4
10518,U117,4,4,8
10519,U123,2,1,3
10520,U124,2,0,2
10521,U128,0,1,1
10522,U133,1,0,1
10523,U134,0,1,1
10524,U135,1,0,1
10525,U136,5,8,13
10526,U138,0,1,1
10527,U162,13,8,21
10528,U173,0,1,1
10529,U175,6,6,12
10530,U176,0,1,1
10531,U191,8,15,23
10532,U194,2,0,2
10533,U196,0,1,1
10534,U197,7,9,16
10535,U198,2,1,3
10536,U199,2,3,5
10537,U201,90,45,135
10538,U202,23,9,32
10539,U205,22,29,51
10540,U208,1,1,2
10541,U209,3,1,4
10542,U211,29,18,47
10543,U212,217,184,401
10544,U214,2,0,2
10545,U216,7,2,9
10546,U217,1,0,1
10547,U221,4,6,10
10548,U228,1,1,2
10549,U251,2,1,3
10550,U253,4,9,13
10551,U254,5,3,8
10552,U258,0,2,2
10553,U259,1,0,1
10554,U262,9,1,10
10555,U264,7,7,14
10556,U265,0,2,2
10557,U268,6,0,6
10558,U271,0,1,1
10559,U278,1,5,6
10560,U287,0,1,1
10561,U292,4,0,4
10562,U293,8,8,16
10563,U294,1,2,3
10564,U295,2,6,8
10565,U296,0,1,1
10566,U297,16,23,39
10567,U298,6,8,14
10568,U299,0,1,1
10569,U301,5,9,14
10570,U308,1,0,1
10571,U328,2,2,4
10572,U329,0,4,4
10573,U331,41,8,49
10574,U338,1,4,5
10575,U354,44,44,88
10576,U362,2,1,3
10577,U364,3,4,7
10578,U372,6,2,8
10579,U401,0,2,2
10580,U500,0,1,1
10581,U508,2,0,2
10582,U51,1,0,1
10583,U510,28,48,76
10584,U511,24,45,69
10585,U512,3,4,7
10586,U513,1,0,1
10587,U518,2,1,3
10588,U52,3,1,4
10589,U534,0,1,1
10590,U541,3,0,3
10591,U543,4,1,5
10592,U548,2,1,3
10593,U800,101,84,185
10594,U801,212,162,374
10595,U808,76,75,151
10596,U810,30,26,56
10597,U818,5,4,9
10598,U820,77,54,131
10599,U821,63,46,109
10600,U822,5,5,10
10601,U828,4,6,10
10602,U829,1,0,1
10603,U830,13,4,17
10604,U831,2,1,3
10605,U832,3,3,6
10606,U837,21,22,43
10607,U838,46,39,85
10608,U839,6,1,7
10609,U848,1,0,1
10610,U849,1,0,1
10611,U85,1,4,5
10612,U88,97,83,180
10613,U898,88,98,186
10614,U899,8,10,18
10615,V010,1,0,1
10616,V011,3,2,5
10617,V014,0,1,1
10618,V019,1,2,3
10619,V020,0,1,1
10620,V021,1,1,2
10621,V0297,0,1,1
10622,V030,0,4,4
10623,V0308,1,0,1
10624,V031,28,20,48
10625,V0318,0,1,1
10626,V0319,2,0,2
10627,V039,0,1,1
10628,V0399,0,1,1
10629,V040,1,0,1
10630,V041,3,0,3
10631,V0509,1,0,1
10632,V051,1,1,2
10633,V059,1,0,1
10634,V061,1,0,1
10635,V069,0,1,1
10636,V072,1,0,1
10637,V073,1,1,2
10638,V079,0,1,1
10639,V082,1,0,1
10640,V090,3,1,4
10641,V091,1,3,4
10642,V092,23,12,35
10643,V093,7,1,8
10644,V098,1,0,1
10645,V099,0,2,2
10646,V100,2,0,2
10647,V102,1,0,1
10648,V104,2,1,3
10649,V109,1,0,1
10650,V110,1,3,4
10651,V111,1,0,1
10652,V114,0,3,3
10653,V115,0,1,1
10654,V129,1,0,1
10655,V131,1,0,1
10656,V132,0,4,4
10657,V133,0,1,1
10658,V134,21,5,26
10659,V1349,1,0,1
10660,V135,0,1,1
10661,V138,2,0,2
10662,V139,9,3,12
10663,V1399,1,0,1
10664,V141,1,0,1
10665,V144,3,0,3
10666,V148,1,0,1
10667,V152,0,1,1
10668,V153,1,0,1
10669,V161,0,1,1
10670,V170,0,1,1
10671,V172,4,0,4
10672,V174,3,2,5
10673,V179,1,1,2
10674,V180,42,13,55
10675,V181,1,0,1
10676,V182,21,9,30
10677,V184,26,14,40
10678,V1849,0,1,1
10679,V185,1,0,1
10680,V189,19,8,27
10681,V1899,1,0,1
10682,V190,0,1,1
10683,V192,1,0,1
10684,V193,6,1,7
10685,V194,3,3,6
10686,V198,3,0,3
10687,V199,6,3,9
10688,V1999,1,0,1
10689,V202,0,1,1
10690,V204,1,0,1
10691,V218,1,2,3
10692,V221,2,0,2
10693,V223,3,1,4
10694,V224,2,0,2
10695,V228,2,2,4
10696,V233,0,1,1
10697,V234,16,0,16
10698,V235,0,1,1
10699,V239,3,0,3
10700,V242,1,0,1
10701,V245,0,1,1
10702,V251,0,2,2
10703,V252,30,55,85
10704,V253,1,0,1
10705,V254,21,19,40
10706,V255,21,15,36
10707,V256,5,0,5
10708,V257,1,0,1
10709,V258,8,1,9
10710,V259,7,8,15
10711,V260,0,2,2
10712,V264,3,0,3
10713,V265,4,3,7
10714,V266,0,1,1
10715,V268,2,3,5
10716,V269,3,0,3
10717,V270,0,1,1
10718,V272,0,1,1
10719,V274,3,1,4
10720,V279,1,0,1
10721,V280,7,1,8
10722,V2809,1,0,1
10723,V281,2,0,2
10724,V282,3,0,3
10725,V284,14,2,16
10726,V2849,1,0,1
10727,V289,3,0,3
10728,V291,2,0,2
10729,V292,1,0,1
10730,V293,1,1,2
10731,V294,6,7,13
10732,V295,2,1,3
10733,V296,1,0,1
10734,V2969,1,0,1
10735,V298,1,1,2
10736,V299,5,1,6
10737,V2999,2,0,2
10738,V304,0,1,1
10739,V331,10,2,12
10740,V332,4,9,13
10741,V334,1,0,1
10742,V337,25,25,50
10743,V338,5,4,9
10744,V339,7,7,14
10745,V341,1,0,1
10746,V347,2,4,6
10747,V348,0,2,2
10748,V349,0,1,1
10749,V361,1,0,1
10750,V394,1,0,1
10751,V405,0,1,1
10752,V413,1,0,1
10753,V418,0,1,1
10754,V425,1,0,1
10755,V4258,1,0,1
10756,V4309,0,1,1
10757,V434,1,0,1
10758,V435,25,22,47
10759,V436,6,6,12
10760,V4369,0,1,1
10761,V439,0,3,3
10762,V444,2,1,3
10763,V445,2,4,6
10764,V446,0,1,1
10765,V4469,1,0,1
10766,V449,0,1,1
10767,V470,3,0,3
10768,V471,0,2,2
10769,V473,0,2,2
10770,V475,10,6,16
10771,V4758,0,1,1
10772,V4759,1,0,1
10773,V476,0,3,3
10774,V479,1,0,1
10775,V480,0,2,2
10776,V481,0,2,2
10777,V482,0,1,1
10778,V484,7,10,17
10779,V485,20,17,37
10780,V4859,1,1,2
10781,V486,3,4,7
10782,V487,1,0,1
10783,V488,1,1,2
10784,V489,2,1,3
10785,V490,1,0,1
10786,V491,2,0,2
10787,V493,0,1,1
10788,V494,2,6,8
10789,V495,0,1,1
10790,V496,2,2,4
10791,V498,0,5,5
10792,V499,14,14,28
10793,V508,1,1,2
10794,V509,1,3,4
10795,V519,1,1,2
10796,V521,1,1,2
10797,V523,7,4,11
10798,V524,1,0,1
10799,V528,1,1,2
10800,V535,1,0,1
10801,V540,5,2,7
10802,V544,60,100,160
10803,V548,1,0,1
10804,V551,0,1,1
10805,V581,0,1,1
10806,V582,1,0,1
10807,V584,0,1,1
10808,V586,0,1,1
10809,V587,3,3,6
10810,V588,0,1,1
10811,V593,1,0,1
10812,V594,1,0,1
10813,V598,1,0,1
10814,V599,2,0,2
10815,V623,1,0,1
10816,V641,2,5,7
10817,V643,2,0,2
10818,V650,1,2,3
10819,V671,1,2,3
10820,V682,1,0,1
10821,V684,3,0,3
10822,V686,2,0,2
10823,V693,1,0,1
10824,V698,1,0,1
10825,V706,1,0,1
10826,V709,0,1,1
10827,V714,0,1,1
10828,V774,0,1,1
10829,V781,0,2,2
10830,V783,0,2,2
10831,V784,4,6,10
10832,V7849,0,1,1
10833,V785,0,1,1
10834,V786,0,3,3
10835,V791,0,1,1
10836,V793,0,2,2
10837,V798,0,1,1
10838,V7989,1,0,1
10839,V800,11,24,35
10840,V8000,1,0,1
10841,V8001,0,3,3
10842,V809,0,6,6
10843,V814,2,0,2
10844,V824,2,0,2
10845,V836,1,0,1
10846,V837,2,0,2
10847,V8542,1,0,1
10848,V860,1,0,1
10849,V865,2,2,4
10850,V867,1,0,1
10851,V884,0,1,1
10852,V892,13,3,16
10853,V899,3,6,9
10854,V905,1,0,1
10855,V929,1,1,2
10856,V931,1,0,1
10857,V933,0,1,1
10858,V9331,1,0,1
10859,V934,1,1,2
10860,V936,1,0,1
10861,V939,3,0,3
10862,V943,1,0,1
10863,V947,1,0,1
10864,V950,2,0,2
10865,V951,1,0,1
10866,V962,2,0,2
10867,V971,1,1,2
10868,V972,0,1,1
10869,V978,1,0,1
10870,V98,1,0,1
10871,V99,0,2,2
10872,W000,2,5,7
10873,W0008,1,0,1
10874,W001,0,1,1
10875,W003,2,2,4
10876,W004,16,25,41
10877,W0042,1,0,1
10878,W008,7,8,15
10879,W0089,0,1,1
10880,W009,28,66,94
10881,W010,53,142,195
10882,W0103,0,3,3
10883,W0108,0,1,1
10884,W0109,0,6,6
10885,W011,1,0,1
10886,W012,20,10,30
10887,W0120,1,0,1
10888,W0129,0,2,2
10889,W013,12,12,24
10890,W0131,1,1,2
10891,W014,51,79,130
10892,W0148,1,1,2
10893,W0149,4,5,9
10894,W015,9,25,34
10895,W016,1,0,1
10896,W017,0,2,2
10897,W018,23,63,86
10898,W0181,0,2,2
10899,W0189,0,1,1
10900,W019,74,184,258
10901,W020,0,1,1
10902,W023,8,8,16
10903,W0231,1,0,1
10904,W028,8,10,18
10905,W0281,0,1,1
10906,W029,9,8,17
10907,W031,0,1,1
10908,W032,2,4,6
10909,W033,22,3,25
10910,W0330,3,1,4
10911,W034,1,2,3
10912,W035,0,4,4
10913,W036,0,2,2
10914,W038,3,5,8
10915,W0389,1,0,1
10916,W039,6,2,8
10917,W041,1,0,1
10918,W042,0,2,2
10919,W045,0,1,1
10920,W048,0,1,1
10921,W052,2,0,2
10922,W058,0,1,1
10923,W059,0,1,1
10924,W060,4,9,13
10925,W061,1,0,1
10926,W062,16,3,19
10927,W0628,0,1,1
10928,W064,0,5,5
10929,W066,0,2,2
10930,W068,13,29,42
10931,W069,4,3,7
10932,W070,6,7,13
10933,W072,2,3,5
10934,W0729,0,1,1
10935,W079,4,3,7
10936,W080,3,8,11
10937,W081,4,3,7
10938,W082,19,21,40
10939,W083,11,28,39
10940,W084,3,3,6
10941,W085,14,20,34
10942,W086,1,0,1
10943,W087,1,0,1
10944,W088,3,2,5
10945,W089,0,3,3
10946,W090,1,0,1
10947,W091,5,6,11
10948,W092,2,1,3
10949,W093,2,1,3
10950,W096,1,0,1
10951,W099,0,1,1
10952,W100,51,101,152
10953,W1003,0,1,1
10954,W1004,1,0,1
10955,W1008,0,1,1
10956,W102,4,4,8
10957,W103,1,0,1
10958,W104,3,4,7
10959,W105,6,14,20
10960,W1059,0,1,1
10961,W108,2,8,10
10962,W109,63,103,166
10963,W1092,1,0,1
10964,W110,49,23,72
10965,W115,2,0,2
10966,W116,2,1,3
10967,W118,3,0,3
10968,W1182,1,0,1
10969,W119,69,14,83
10970,W1199,6,0,6
10971,W121,0,1,1
10972,W122,2,3,5
10973,W125,2,0,2
10974,W126,4,0,4
10975,W1262,1,0,1
10976,W128,0,1,1
10977,W129,7,0,7
10978,W1292,1,0,1
10979,W130,6,2,8
10980,W1308,1,0,1
10981,W131,0,4,4
10982,W132,0,10,10
10983,W133,1,0,1
10984,W135,1,0,1
10985,W138,2,1,3
10986,W1389,0,1,1
10987,W139,26,6,32
10988,W140,2,0,2
10989,W141,0,5,5
10990,W144,0,9,9
10991,W148,0,1,1
10992,W149,1,0,1
10993,W151,3,39,42
10994,W152,2,3,5
10995,W153,6,44,50
10996,W154,0,3,3
10997,W156,0,2,2
10998,W157,2,12,14
10999,W158,12,12,24
11000,W159,2,4,6
11001,W161,0,3,3
11002,W163,2,1,3
11003,W164,0,12,12
11004,W165,1,0,1
11005,W169,4,1,5
11006,W170,3,5,8
11007,W1709,0,1,1
11008,W172,1,0,1
11009,W173,1,2,3
11010,W174,4,5,9
11011,W175,1,0,1
11012,W176,1,0,1
11013,W178,25,15,40
11014,W1781,0,2,2
11015,W179,21,14,35
11016,W18,1,0,1
11017,W180,31,35,66
11018,W1804,1,0,1
11019,W1809,1,2,3
11020,W181,1,1,2
11021,W182,10,12,22
11022,W1822,0,1,1
11023,W183,5,10,15
11024,W184,14,13,27
11025,W1848,1,0,1
11026,W185,5,3,8
11027,W186,2,0,2
11028,W188,9,7,16
11029,W1889,0,1,1
11030,W189,40,56,96
11031,W190,82,135,217
11032,W1908,0,1,1
11033,W1909,0,1,1
11034,W191,5,3,8
11035,W192,54,49,103
11036,W193,7,7,14
11037,W194,36,29,65
11038,W195,12,9,21
11039,W196,7,3,10
11040,W198,23,27,50
11041,W1981,0,1,1
11042,W199,267,371,638
11043,W200,5,3,8
11044,W201,27,27,54
11045,W202,3,7,10
11046,W2022,0,1,1
11047,W2049,1,0,1
11048,W205,4,21,25
11049,W2052,1,0,1
11050,W206,7,1,8
11051,W208,10,4,14
11052,W209,14,4,18
11053,W2099,1,0,1
11054,W210,1,0,1
11055,W212,0,2,2
11056,W213,17,1,18
11057,W2130,1,0,1
11058,W214,2,0,2
11059,W215,0,1,1
11060,W218,2,0,2
11061,W219,10,4,14
11062,W220,11,8,19
11063,W221,0,1,1
11064,W222,7,6,13
11065,W223,1,0,1
11066,W224,4,5,9
11067,W225,0,2,2
11068,W226,1,0,1
11069,W2262,1,0,1
11070,W228,1,2,3
11071,W229,26,18,44
11072,W230,13,8,21
11073,W2303,1,0,1
11074,W2308,1,0,1
11075,W231,2,0,2
11076,W232,9,7,16
11077,W233,0,1,1
11078,W234,2,1,3
11079,W235,1,0,1
11080,W2352,2,0,2
11081,W236,10,1,11
11082,W2369,1,0,1
11083,W237,1,0,1
11084,W238,4,1,5
11085,W2382,1,0,1
11086,W239,37,13,50
11087,W2392,1,0,1
11088,W2399,1,0,1
11089,W241,3,0,3
11090,W242,28,25,53
11091,W243,10,20,30
11092,W244,2,2,4
11093,W245,3,0,3
11094,W246,3,0,3
11095,W248,12,24,36
11096,W2482,1,0,1
11097,W249,2,0,2
11098,W250,14,17,31
11099,W2503,1,0,1
11100,W2509,2,1,3
11101,W251,1,3,4
11102,W252,0,1,1
11103,W253,1,2,3
11104,W255,1,3,4
11105,W2552,0,1,1
11106,W256,2,0,2
11107,W2562,1,0,1
11108,W258,4,1,5
11109,W259,14,12,26
11110,W260,16,25,41
11111,W2603,1,1,2
11112,W2608,1,0,1
11113,W2609,0,1,1
11114,W261,0,2,2
11115,W262,14,37,51
11116,W263,0,1,1
11117,W264,2,2,4
11118,W265,2,0,2
11119,W2652,1,0,1
11120,W266,2,0,2
11121,W268,2,0,2
11122,W269,22,6,28
11123,W2699,0,1,1
11124,W270,10,9,19
11125,W2703,2,0,2
11126,W2709,1,0,1
11127,W275,1,0,1
11128,W276,2,0,2
11129,W279,23,5,28
11130,W2792,1,0,1
11131,W2799,2,0,2
11132,W280,1,3,4
11133,W2800,1,0,1
11134,W2801,1,0,1
11135,W281,4,3,7
11136,W282,2,1,3
11137,W283,75,87,162
11138,W284,1,0,1
11139,W286,1,0,1
11140,W289,2,1,3
11141,W290,10,5,15
11142,W2909,0,1,1
11143,W293,3,0,3
11144,W295,2,0,2
11145,W296,3,0,3
11146,W2962,1,0,1
11147,W299,21,3,24
11148,W301,4,2,6
11149,W302,0,1,1
11150,W303,5,4,9
11151,W310,6,1,7
11152,W311,1,0,1
11153,W312,0,1,1
11154,W314,1,0,1
11155,W315,1,0,1
11156,W3152,2,0,2
11157,W316,22,1,23
11158,W3162,4,0,4
11159,W318,3,0,3
11160,W3189,1,0,1
11161,W319,29,2,31
11162,W3192,1,0,1
11163,W331,3,3,6
11164,W332,2,0,2
11165,W336,4,0,4
11166,W338,2,0,2
11167,W341,0,1,1
11168,W342,1,0,1
11169,W348,0,1,1
11170,W349,2,1,3
11171,W354,1,1,2
11172,W358,1,0,1
11173,W360,1,0,1
11174,W361,3,2,5
11175,W362,0,3,3
11176,W363,4,0,4
11177,W364,2,2,4
11178,W365,98,61,159
11179,W369,1,0,1
11180,W371,5,14,19
11181,W376,1,0,1
11182,W381,6,3,9
11183,W386,1,0,1
11184,W388,0,1,1
11185,W391,1,0,1
11186,W401,75,62,137
11187,W402,3,0,3
11188,W403,2,2,4
11189,W409,1,0,1
11190,W411,2,1,3
11191,W418,1,0,1
11192,W421,2,4,6
11193,W422,1,0,1
11194,W424,0,2,2
11195,W440,7,8,15
11196,W441,0,11,11
11197,W442,2,0,2
11198,W449,43,24,67
11199,W45,0,1,1
11200,W450,1,9,10
11201,W4503,1,0,1
11202,W4509,1,1,2
11203,W451,2,2,4
11204,W452,0,1,1
11205,W455,1,1,2
11206,W456,1,0,1
11207,W458,2,0,2
11208,W459,27,10,37
11209,W462,1,0,1
11210,W490,4,2,6
11211,W492,1,0,1
11212,W493,1,0,1
11213,W495,2,0,2
11214,W496,1,0,1
11215,W499,10,5,15
11216,W500,0,1,1
11217,W502,0,1,1
11218,W503,5,2,7
11219,W5030,2,0,2
11220,W504,3,0,3
11221,W508,1,3,4
11222,W509,4,2,6
11223,W510,0,1,1
11224,W5108,1,0,1
11225,W511,1,0,1
11226,W512,0,1,1
11227,W513,2,0,2
11228,W514,0,1,1
11229,W5181,0,1,1
11230,W519,3,0,3
11231,W521,2,1,3
11232,W523,1,0,1
11233,W531,1,1,2
11234,W533,1,0,1
11235,W540,6,6,12
11236,W5408,0,1,1
11237,W5409,0,1,1
11238,W541,1,4,5
11239,W544,2,1,3
11240,W5449,0,1,1
11241,W548,2,2,4
11242,W5488,0,1,1
11243,W549,12,28,40
11244,W5493,0,1,1
11245,W5499,0,1,1
11246,W550,1,3,4
11247,W551,0,2,2
11248,W5558,0,1,1
11249,W558,2,5,7
11250,W559,7,19,26
11251,W5599,0,1,1
11252,W561,0,3,3
11253,W562,0,4,4
11254,W563,0,1,1
11255,W570,0,2,2
11256,W571,5,11,16
11257,W572,7,15,22
11258,W573,2,1,3
11259,W578,2,1,3
11260,W579,12,14,26
11261,W5799,1,2,3
11262,W581,12,9,21
11263,W588,1,0,1
11264,W589,0,1,1
11265,W593,6,24,30
11266,W594,1,4,5
11267,W595,6,39,45
11268,W596,1,1,2
11269,W599,0,1,1
11270,W600,2,1,3
11271,W601,0,2,2
11272,W602,1,1,2
11273,W603,1,0,1
11274,W608,1,0,1
11275,W609,2,1,3
11276,W611,2,1,3
11277,W613,1,0,1
11278,W621,11,18,29
11279,W622,1,2,3
11280,W628,1,0,1
11281,W629,0,3,3
11282,W631,0,2,2
11283,W640,1,1,2
11284,W641,0,1,1
11285,W642,0,1,1
11286,W647,1,0,1
11287,W648,1,0,1
11288,W649,1,0,1
11289,W651,1,1,2
11290,W652,1,0,1
11291,W653,1,2,3
11292,W654,3,2,5
11293,W658,1,0,1
11294,W659,2,1,3
11295,W660,1,0,1
11296,W661,0,2,2
11297,W662,1,0,1
11298,W663,7,5,12
11299,W664,2,0,2
11300,W668,2,1,3
11301,W669,10,6,16
11302,W672,1,0,1
11303,W673,2,0,2
11304,W675,1,2,3
11305,W676,2,2,4
11306,W677,1,5,6
11307,W692,1,0,1
11308,W693,3,5,8
11309,W694,2,2,4
11310,W698,2,3,5
11311,W702,1,0,1
11312,W712,17,22,39
11313,W718,2,1,3
11314,W719,1,0,1
11315,W726,0,1,1
11316,W733,1,0,1
11317,W738,0,1,1
11318,W7380,0,1,1
11319,W741,0,1,1
11320,W742,17,23,40
11321,W743,2,1,3
11322,W748,0,2,2
11323,W749,4,0,4
11324,W751,0,1,1
11325,W752,2,3,5
11326,W753,6,2,8
11327,W758,1,3,4
11328,W759,4,0,4
11329,W761,0,1,1
11330,W762,0,2,2
11331,W763,1,0,1
11332,W768,0,3,3
11333,W771,8,1,9
11334,W772,2,1,3
11335,W778,2,3,5
11336,W779,1,2,3
11337,W780,0,1,1
11338,W781,5,27,32
11339,W782,2,1,3
11340,W783,3,4,7
11341,W784,2,8,10
11342,W785,0,1,1
11343,W788,1,1,2
11344,W789,2,2,4
11345,W790,4,5,9
11346,W7904,0,1,1
11347,W7909,0,1,1
11348,W791,6,55,61
11349,W792,4,12,16
11350,W793,0,1,1
11351,W798,0,1,1
11352,W799,13,5,18
11353,W7994,1,0,1
11354,W7999,0,1,1
11355,W800,1,0,1
11356,W801,2,5,7
11357,W802,22,16,38
11358,W803,4,3,7
11359,W808,0,1,1
11360,W809,2,2,4
11361,W811,10,7,17
11362,W812,2,2,4
11363,W813,2,1,3
11364,W814,1,2,3
11365,W815,1,3,4
11366,W818,1,0,1
11367,W819,2,1,3
11368,W821,20,9,29
11369,W822,484,308,792
11370,W823,8,3,11
11371,W828,17,11,28
11372,W829,0,1,1
11373,W831,2,1,3
11374,W833,23,21,44
11375,W834,4,3,7
11376,W835,0,2,2
11377,W836,1,3,4
11378,W838,8,7,15
11379,W839,0,2,2
11380,W840,1,0,1
11381,W841,1,0,1
11382,W842,1,0,1
11383,W843,6,4,10
11384,W844,12,7,19
11385,W845,3,7,10
11386,W846,5,2,7
11387,W847,2,1,3
11388,W848,40,34,74
11389,W849,3,2,5
11390,W851,13,16,29
11391,W852,29,22,51
11392,W8542,1,0,1
11393,W858,13,10,23
11394,W859,1,1,2
11395,W861,3,3,6
11396,W866,1,0,1
11397,W868,4,7,11
11398,W869,3,1,4
11399,W871,1,1,2
11400,W878,3,1,4
11401,W879,77,43,120
11402,W8799,1,0,1
11403,W881,0,2,2
11404,W888,1,1,2
11405,W889,7,10,17
11406,W891,10,10,20
11407,W901,25,16,41
11408,W902,1,2,3
11409,W903,113,215,328
11410,W904,6,15,21
11411,W908,1,0,1
11412,W913,2,3,5
11413,W918,1,7,8
11414,W919,23,38,61
11415,W921,1,0,1
11416,W922,1,2,3
11417,W923,1,0,1
11418,W924,0,1,1
11419,W928,1,0,1
11420,W930,1,0,1
11421,W939,1,0,1
11422,W941,1,3,4
11423,W948,3,0,3
11424,W961,1,0,1
11425,W981,1,0,1
11426,W984,1,0,1
11427,W9999,1,0,1
11428,X000,1,2,3
11429,X018,1,0,1
11430,X020,1,0,1
11431,X030,1,0,1
11432,X046,1,0,1
11433,X049,1,0,1
11434,X060,0,1,1
11435,X065,0,1,1
11436,X080,2,1,3
11437,X082,1,0,1
11438,X083,7,2,9
11439,X084,8,2,10
11440,X088,1,0,1
11441,X090,2,1,3
11442,X096,1,0,1
11443,X098,0,1,1
11444,X099,5,1,6
11445,X100,1,5,6
11446,X102,0,2,2
11447,X109,1,0,1
11448,X110,2,1,3
11449,X111,1,1,2
11450,X112,2,1,3
11451,X118,0,1,1
11452,X119,0,2,2
11453,X120,2,6,8
11454,X121,1,0,1
11455,X122,1,1,2
11456,X123,1,0,1
11457,X124,1,0,1
11458,X1262,1,0,1
11459,X128,1,1,2
11460,X129,1,2,3
11461,X136,1,0,1
11462,X149,0,1,1
11463,X150,2,1,3
11464,X1503,0,2,2
11465,X159,0,1,1
11466,X160,2,1,3
11467,X169,0,1,1
11468,X186,1,0,1
11469,X189,1,0,1
11470,X190,1,1,2
11471,X1982,1,0,1
11472,X199,1,0,1
11473,X209,1,0,1
11474,X212,1,0,1
11475,X216,1,0,1
11476,X221,1,0,1
11477,X228,0,1,1
11478,X230,2,1,3
11479,X233,1,0,1
11480,X235,0,1,1
11481,X238,0,1,1
11482,X239,6,8,14
11483,X241,1,0,1
11484,X251,1,0,1
11485,X259,1,1,2
11486,X278,0,1,1
11487,X281,1,0,1
11488,X290,1,0,1
11489,X292,47,89,136
11490,X293,1,1,2
11491,X298,71,55,126
11492,X299,3,4,7
11493,X301,0,16,16
11494,X302,1,3,4
11495,X305,0,1,1
11496,X308,3,5,8
11497,X309,1,2,3
11498,X310,4,0,4
11499,X312,49,8,57
11500,X313,5,5,10
11501,X314,1,0,1
11502,X318,1,5,6
11503,X319,2,0,2
11504,X322,1,0,1
11505,X323,2,0,2
11506,X328,1,0,1
11507,X332,11,10,21
11508,X333,5,1,6
11509,X334,4,3,7
11510,X336,3,1,4
11511,X338,2,5,7
11512,X339,12,25,37
11513,X341,1,0,1
11514,X348,0,2,2
11515,X352,29,54,83
11516,X353,2,5,7
11517,X354,1,0,1
11518,X355,5,2,7
11519,X358,14,7,21
11520,X359,1,0,1
11521,X361,9,5,14
11522,X362,41,10,51
11523,X363,5,6,11
11524,X368,9,10,19
11525,X369,18,16,34
11526,X372,1,0,1
11527,X373,2,3,5
11528,X375,6,13,19
11529,X376,2,1,3
11530,X378,4,10,14
11531,X379,1,1,2
11532,X382,10,17,27
11533,X383,1,5,6
11534,X384,6,7,13
11535,X385,3,4,7
11536,X386,2,4,6
11537,X387,2,2,4
11538,X388,1,7,8
11539,X389,1,0,1
11540,X394,2,0,2
11541,X395,2,1,3
11542,X396,1,0,1
11543,X398,2,0,2
11544,X3981,1,1,2
11545,X399,1,3,4
11546,X400,8,13,21
11547,X4009,0,1,1
11548,X402,0,1,1
11549,X403,2,1,3
11550,X404,1,1,2
11551,X409,28,22,50
11552,X4099,0,2,2
11553,X410,12,18,30
11554,X4108,0,1,1
11555,X412,1,0,1
11556,X419,22,20,42
11557,X420,12,12,24
11558,X421,0,1,1
11559,X422,4,2,6
11560,X429,13,16,29
11561,X4291,1,0,1
11562,X4299,1,0,1
11563,X430,1,5,6
11564,X439,4,7,11
11565,X440,11,16,27
11566,X4409,1,0,1
11567,X441,1,0,1
11568,X442,1,2,3
11569,X448,0,1,1
11570,X449,19,20,39
11571,X4499,1,1,2
11572,X450,14,14,28
11573,X451,4,7,11
11574,X452,1,0,1
11575,X459,32,21,53
11576,X461,2,4,6
11577,X4669,1,0,1
11578,X470,2,0,2
11579,X476,0,1,1
11580,X479,4,0,4
11581,X481,11,14,25
11582,X482,0,1,1
11583,X489,0,2,2
11584,X490,4,5,9
11585,X4909,1,0,1
11586,X491,1,1,2
11587,X494,2,1,3
11588,X496,1,0,1
11589,X498,1,2,3
11590,X499,13,4,17
11591,X500,10,18,28
11592,X5009,0,1,1
11593,X501,91,21,112
11594,X502,10,2,12
11595,X503,17,5,22
11596,X5030,3,1,4
11597,X504,6,2,8
11598,X505,1,1,2
11599,X5052,1,0,1
11600,X506,1,0,1
11601,X508,8,3,11
11602,X5082,1,0,1
11603,X509,36,30,66
11604,X5099,2,1,3
11605,X510,1,0,1
11606,X511,1,1,2
11607,X514,1,0,1
11608,X518,0,1,1
11609,X519,3,2,5
11610,X521,1,0,1
11611,X538,1,0,1
11612,X551,0,1,1
11613,X558,9,17,26
11614,X559,2,1,3
11615,X58,0,1,1
11616,X580,8,2,10
11617,X582,3,1,4
11618,X584,0,1,1
11619,X585,2,0,2
11620,X588,2,1,3
11621,X589,7,6,13
11622,X590,9,9,18
11623,X592,4,3,7
11624,X593,7,1,8
11625,X594,4,0,4
11626,X598,1,2,3
11627,X599,342,299,641
11628,X600,80,135,215
11629,X6008,0,1,1
11630,X601,1,2,3
11631,X602,0,2,2
11632,X604,1,1,2
11633,X605,1,0,1
11634,X608,5,5,10
11635,X609,107,155,262
11636,X610,94,148,242
11637,X6108,1,1,2
11638,X6109,1,1,2
11639,X611,0,3,3
11640,X612,1,4,5
11641,X614,2,1,3
11642,X615,0,2,2
11643,X617,1,0,1
11644,X618,2,2,4
11645,X6188,1,0,1
11646,X619,139,179,318
11647,X620,49,67,116
11648,X622,0,2,2
11649,X624,0,1,1
11650,X625,1,1,2
11651,X628,4,2,6
11652,X629,63,68,131
11653,X630,25,20,45
11654,X633,1,0,1
11655,X639,19,20,39
11656,X6399,1,0,1
11657,X640,62,70,132
11658,X6409,1,0,1
11659,X642,0,4,4
11660,X644,1,1,2
11661,X645,0,1,1
11662,X647,1,0,1
11663,X648,2,4,6
11664,X649,56,90,146
11665,X650,151,202,353
11666,X6509,1,0,1
11667,X651,2,0,2
11668,X652,0,2,2
11669,X653,1,0,1
11670,X654,11,9,20
11671,X655,5,7,12
11672,X658,5,7,12
11673,X659,165,194,359
11674,X669,1,0,1
11675,X670,2,1,3
11676,X671,8,0,8
11677,X672,1,0,1
11678,X673,0,1,1
11679,X674,1,3,4
11680,X677,2,0,2
11681,X678,1,0,1
11682,X679,7,7,14
11683,X680,0,1,1
11684,X682,0,6,6
11685,X683,10,0,10
11686,X689,9,27,36
11687,X690,5,3,8
11688,X692,0,1,1
11689,X699,3,8,11
11690,X701,8,12,20
11691,X702,11,56,67
11692,X703,6,18,24
11693,X704,6,4,10
11694,X705,5,8,13
11695,X708,5,8,13
11696,X7089,0,1,1
11697,X709,0,1,1
11698,X711,8,6,14
11699,X712,3,7,10
11700,X713,7,36,43
11701,X714,9,10,19
11702,X715,17,21,38
11703,X718,1,1,2
11704,X721,1,2,3
11705,X722,0,1,1
11706,X724,21,22,43
11707,X729,4,2,6
11708,X760,0,1,1
11709,X7609,1,0,1
11710,X770,1,0,1
11711,X773,0,1,1
11712,X780,12,11,23
11713,X782,1,1,2
11714,X785,1,1,2
11715,X788,2,0,2
11716,X789,13,14,27
11717,X799,0,1,1
11718,X800,1,0,1
11719,X808,0,1,1
11720,X809,0,1,1
11721,X823,0,1,1
11722,X831,1,2,3
11723,X833,6,2,8
11724,X839,1,1,2
11725,X840,1,1,2
11726,X849,1,1,2
11727,X851,4,2,6
11728,X854,0,1,1
11729,X859,1,1,2
11730,X864,1,1,2
11731,X867,1,0,1
11732,X873,0,1,1
11733,X881,0,1,1
11734,X891,1,0,1
11735,X892,1,8,9
11736,X893,3,1,4
11737,X894,0,1,1
11738,X902,1,1,2
11739,X903,5,2,7
11740,X907,0,1,1
11741,X921,9,16,25
11742,X922,0,1,1
11743,X924,0,1,1
11744,X950,0,1,1
11745,X961,5,5,10
11746,X990,2,1,3
11747,X9908,1,0,1
11748,X994,3,1,4
11749,X9942,1,0,1
11750,X995,1,0,1
11751,X9958,1,0,1
11752,X998,3504,3651,7155
11753,X9982,1,0,1
11754,X999,45,26,71
11755,Y000,4,2,6
11756,Y0042,1,0,1
11757,Y005,1,0,1
11758,Y008,1,0,1
11759,Y009,10,1,11
11760,Y010,0,1,1
11761,Y040,4,2,6
11762,Y042,2,0,2
11763,Y043,4,0,4
11764,Y044,7,0,7
11765,Y0449,2,0,2
11766,Y045,1,0,1
11767,Y048,1,0,1
11768,Y049,43,12,55
11769,Y0499,2,2,4
11770,Y070,1,1,2
11771,Y0808,1,0,1
11772,Y0830,1,0,1
11773,Y0898,1,0,1
11774,Y090,1,0,1
11775,Y094,4,0,4
11776,Y099,23,3,26
11777,Y109,2,0,2
11778,Y110,1,1,2
11779,Y1109,1,0,1
11780,Y130,0,1,1
11781,Y140,1,0,1
11782,Y148,1,0,1
11783,Y149,1,0,1
11784,Y150,0,1,1
11785,Y280,1,0,1
11786,Y2859,0,1,1
11787,Y289,2,2,4
11788,Y339,0,1,1
11789,Y349,2,0,2
11790,Y3499,1,0,1
11791,Y400,34,36,70
11792,Y401,12,8,20
11793,Y403,3,3,6
11794,Y404,3,2,5
11795,Y405,5,2,7
11796,Y406,3,1,4
11797,Y407,2,1,3
11798,Y408,23,7,30
11799,Y409,14,24,38
11800,Y410,3,2,5
11801,Y411,1,0,1
11802,Y413,1,0,1
11803,Y415,1,3,4
11804,Y418,4,14,18
11805,Y419,1,0,1
11806,Y420,9,7,16
11807,Y421,0,4,4
11808,Y422,1,2,3
11809,Y423,8,2,10
11810,Y424,0,2,2
11811,Y425,2,42,44
11812,Y426,0,8,8
11813,Y427,18,27,45
11814,Y428,0,6,6
11815,Y430,3,14,17
11816,Y431,4,5,9
11817,Y433,118,185,303
11818,Y434,6,11,17
11819,Y435,0,1,1
11820,Y436,1,0,1
11821,Y438,0,1,1
11822,Y440,1,3,4
11823,Y441,1,0,1
11824,Y442,26,19,45
11825,Y443,3,0,3
11826,Y444,4,1,5
11827,Y445,1,0,1
11828,Y446,3,1,4
11829,Y447,1,3,4
11830,Y449,1,1,2
11831,Y450,50,51,101
11832,Y451,19,6,25
11833,Y452,6,4,10
11834,Y453,22,29,51
11835,Y455,11,7,18
11836,Y458,3,7,10
11837,Y459,3,0,3
11838,Y460,0,1,1
11839,Y462,2,1,3
11840,Y464,7,7,14
11841,Y465,0,2,2
11842,Y466,2,10,12
11843,Y467,2,1,3
11844,Y468,1,1,2
11845,Y471,3,6,9
11846,Y478,3,0,3
11847,Y480,1,0,1
11848,Y482,3,4,7
11849,Y483,4,8,12
11850,Y484,2,9,11
11851,Y490,3,5,8
11852,Y492,7,8,15
11853,Y493,3,1,4
11854,Y494,2,2,4
11855,Y495,5,11,16
11856,Y498,0,2,2
11857,Y500,0,1,1
11858,Y502,3,0,3
11859,Y513,4,0,4
11860,Y515,0,1,1
11861,Y516,1,2,3
11862,Y517,29,26,55
11863,Y518,1,0,1
11864,Y519,1,2,3
11865,Y520,7,3,10
11866,Y521,12,11,23
11867,Y522,10,4,14
11868,Y523,18,4,22
11869,Y524,33,14,47
11870,Y525,17,10,27
11871,Y526,4,5,9
11872,Y527,3,2,5
11873,Y529,1,3,4
11874,Y530,0,1,1
11875,Y531,8,8,16
11876,Y532,1,0,1
11877,Y534,3,1,4
11878,Y536,2,1,3
11879,Y537,0,1,1
11880,Y538,1,0,1
11881,Y539,0,2,2
11882,Y540,1,1,2
11883,Y541,7,1,8
11884,Y543,10,19,29
11885,Y544,6,4,10
11886,Y545,7,2,9
11887,Y546,1,1,2
11888,Y547,0,1,1
11889,Y548,6,5,11
11890,Y549,2,1,3
11891,Y551,0,4,4
11892,Y552,0,1,1
11893,Y554,1,5,6
11894,Y560,4,6,10
11895,Y561,1,0,1
11896,Y563,2,2,4
11897,Y564,0,3,3
11898,Y566,1,0,1
11899,Y569,0,1,1
11900,Y571,0,1,1
11901,Y572,0,1,1
11902,Y573,0,1,1
11903,Y574,2,0,2
11904,Y575,4,6,10
11905,Y576,2,3,5
11906,Y577,0,1,1
11907,Y578,3,4,7
11908,Y579,12,24,36
11909,Y580,1,1,2
11910,Y590,0,1,1
11911,Y593,3,2,5
11912,Y598,0,1,1
11913,Y600,32,63,95
11914,Y604,4,8,12
11915,Y605,7,1,8
11916,Y606,2,0,2
11917,Y607,1,0,1
11918,Y608,2,4,6
11919,Y609,1,0,1
11920,Y610,0,4,4
11921,Y619,0,2,2
11922,Y636,0,1,1
11923,Y638,0,1,1
11924,Y654,1,1,2
11925,Y655,0,1,1
11926,Y658,1,7,8
11927,Y66,4,0,4
11928,Y69,1,1,2
11929,Y701,1,1,2
11930,Y703,2,0,2
11931,Y708,0,1,1
11932,Y710,0,1,1
11933,Y712,1,0,1
11934,Y713,0,1,1
11935,Y721,1,0,1
11936,Y723,1,0,1
11937,Y730,1,0,1
11938,Y732,4,3,7
11939,Y733,1,0,1
11940,Y761,0,1,1
11941,Y762,0,5,5
11942,Y771,0,1,1
11943,Y772,1,0,1
11944,Y773,2,1,3
11945,Y783,1,0,1
11946,Y788,0,1,1
11947,Y791,0,1,1
11948,Y792,8,14,22
11949,Y793,2,1,3
11950,Y808,0,1,1
11951,Y812,0,3,3
11952,Y813,0,2,2
11953,Y821,1,1,2
11954,Y822,1,1,2
11955,Y823,2,0,2
11956,Y828,0,1,1
11957,Y830,18,10,28
11958,Y831,424,451,875
11959,Y832,228,113,341
11960,Y833,30,31,61
11961,Y834,59,74,133
11962,Y835,13,8,21
11963,Y836,212,334,546
11964,Y838,403,401,804
11965,Y839,40,43,83
11966,Y840,30,20,50
11967,Y841,8,6,14
11968,Y842,43,50,93
11969,Y843,2,0,2
11970,Y844,5,6,11
11971,Y846,61,19,80
11972,Y847,1,2,3
11973,Y848,96,95,191
11974,Y849,11,6,17
11975,Y850,21,17,38
11976,Y859,11,6,17
11977,Y86,65,49,114
11978,Y870,0,1,1
11979,Y871,3,0,3
11980,Y872,2,0,2
11981,Y880,1,1,2
11982,Y881,0,2,2
11983,Y883,6,9,15
11984,Y899,6,0,6
11985,Y900,1,1,2
11986,Y903,0,1,1
11987,Y905,1,0,1
11988,Y906,3,2,5
11989,Y907,4,0,4
11990,Y908,6,2,8
11991,Y909,2,1,3
11992,Y910,0,1,1
11993,Y911,6,0,6
11994,Y919,29,22,51
11995,Y95,155,126,281
11996,Y96,2,0,2
11997,Z000,179,239,418
11998,Z004,24,20,44
11999,Z005,38,60,98
12000,Z006,71,48,119
12001,Z008,7,7,14
12002,Z010,2,2,4
12003,Z011,3,5,8
12004,Z012,12,15,27
12005,Z013,8,7,15
12006,Z014,0,161,161
12007,Z015,41,116,157
12008,Z016,157,241,398
12009,Z017,39,53,92
12010,Z018,566,610,1176
12011,Z019,37,67,104
12012,Z021,1,0,1
12013,Z022,2,0,2
12014,Z023,0,1,1
12015,Z024,4,0,4
12016,Z026,1,0,1
12017,Z027,1,0,1
12018,Z028,939,1247,2186
12019,Z029,1,0,1
12020,Z030,5,4,9
12021,Z031,345,310,655
12022,Z032,45,29,74
12023,Z033,109,135,244
12024,Z034,1143,941,2084
12025,Z035,553,602,1155
12026,Z036,36,61,97
12027,Z038,2589,2752,5341
12028,Z039,234,270,504
12029,Z040,1,2,3
12030,Z041,53,58,111
12031,Z042,6,3,9
12032,Z043,246,146,392
12033,Z044,0,1,1
12034,Z045,51,10,61
12035,Z046,3,5,8
12036,Z048,328,361,689
12037,Z049,132,129,261
12038,Z080,2254,1399,3653
12039,Z081,56,14,70
12040,Z082,202,111,313
12041,Z087,653,309,962
12042,Z088,143,92,235
12043,Z089,480,270,750
12044,Z090,2354,2117,4471
12045,Z091,19,12,31
12046,Z092,723,691,1414
12047,Z093,2,0,2
12048,Z094,14,12,26
12049,Z097,54,38,92
12050,Z098,1205,1236,2441
12051,Z099,1105,1104,2209
12052,Z100,1,0,1
12053,Z110,136,154,290
12054,Z111,15,9,24
12055,Z112,72,86,158
12056,Z113,0,3,3
12057,Z114,7,42,49
12058,Z115,0,44,44
12059,Z116,10,4,14
12060,Z118,5,9,14
12061,Z119,14,14,28
12062,Z120,49,63,112
12063,Z121,2796,3241,6037
12064,Z122,14,13,27
12065,Z123,4,42,46
12066,Z124,0,57,57
12067,Z125,85,0,85
12068,Z126,23,14,37
12069,Z128,71,74,145
12070,Z129,16,35,51
12071,Z130,1324,1454,2778
12072,Z131,84,97,181
12073,Z132,4,15,19
12074,Z133,78,73,151
12075,Z135,44,38,82
12076,Z136,662,538,1200
12077,Z137,5,9,14
12078,Z138,1010,1317,2327
12079,Z1382,5,1,6
12080,Z1383,1,1,2
12081,Z139,1380,1417,2797
12082,Z200,5,6,11
12083,Z201,8,6,14
12084,Z205,3,0,3
12085,Z207,0,1,1
12086,Z208,9,12,21
12087,Z209,4,1,5
12088,Z21,52,1,53
12089,Z221,42,33,75
12090,Z223,504,434,938
12091,Z224,0,2,2
12092,Z225,98,53,151
12093,Z226,5,0,5
12094,Z228,15,13,28
12095,Z229,1,2,3
12096,Z231,0,2,2
12097,Z233,1,0,1
12098,Z235,0,1,1
12099,Z238,2,1,3
12100,Z242,1,0,1
12101,Z245,0,11,11
12102,Z246,2,2,4
12103,Z250,1,0,1
12104,Z251,2,1,3
12105,Z258,0,1,1
12106,Z268,0,2,2
12107,Z269,3,2,5
12108,Z270,1,4,5
12109,Z271,2,2,4
12110,Z272,1,1,2
12111,Z273,1,0,1
12112,Z274,2,4,6
12113,Z278,0,1,1
12114,Z279,2,1,3
12115,Z280,0,1,1
12116,Z281,0,1,1
12117,Z282,2,0,2
12118,Z288,0,1,1
12119,Z289,0,1,1
12120,Z290,81,91,172
12121,Z291,52,87,139
12122,Z292,154,170,324
12123,Z298,35,62,97
12124,Z299,1,2,3
12125,Z300,3,37,40
12126,Z301,0,765,765
12127,Z302,3313,2035,5348
12128,Z303,0,85,85
12129,Z304,0,7,7
12130,Z305,0,1007,1007
12131,Z308,13,23,36
12132,Z309,2,9,11
12133,Z310,87,25,112
12134,Z311,0,3,3
12135,Z312,0,52,52
12136,Z313,0,11,11
12137,Z314,3,41,44
12138,Z315,0,3,3
12139,Z316,0,5,5
12140,Z318,2,16,18
12141,Z319,0,6,6
12142,Z320,0,72,72
12143,Z321,0,93,93
12144,Z33,0,332,332
12145,Z340,0,142,142
12146,Z348,0,405,405
12147,Z349,0,320,320
12148,Z350,0,147,147
12149,Z351,0,171,171
12150,Z352,0,179,179
12151,Z354,0,34,34
12152,Z355,0,281,281
12153,Z358,0,56,56
12154,Z359,0,28,28
12155,Z360,0,190,190
12156,Z361,0,28,28
12157,Z362,0,49,49
12158,Z363,0,189,189
12159,Z364,0,63,63
12160,Z365,0,2,2
12161,Z368,0,354,354
12162,Z369,0,289,289
12163,Z370,0,8639,8639
12164,Z371,0,48,48
12165,Z372,0,225,225
12166,Z373,0,12,12
12167,Z374,0,3,3
12168,Z375,0,9,9
12169,Z376,0,1,1
12170,Z379,0,1,1
12171,Z380,0,21,21
12172,Z381,0,1,1
12173,Z383,0,3,3
12174,Z390,0,222,222
12175,Z391,0,137,137
12176,Z392,0,43,43
12177,Z400,22,547,569
12178,Z408,23,39,62
12179,Z409,3,9,12
12180,Z411,30,535,565
12181,Z412,8,4,12
12182,Z418,7,16,23
12183,Z419,4,3,7
12184,Z420,151,176,327
12185,Z421,6,1625,1631
12186,Z422,21,56,77
12187,Z423,44,28,72
12188,Z424,16,24,40
12189,Z428,12,8,20
12190,Z429,6,19,25
12191,Z430,25,10,35
12192,Z431,130,67,197
12193,Z432,477,318,795
12194,Z433,169,158,327
12195,Z434,36,36,72
12196,Z435,30,29,59
12197,Z436,134,75,209
12198,Z438,24,27,51
12199,Z439,4,3,7
12200,Z441,3,2,5
12201,Z442,5,6,11
12202,Z443,0,62,62
12203,Z448,9,9,18
12204,Z449,1,2,3
12205,Z450,598,263,861
12206,Z451,99,79,178
12207,Z452,557,695,1252
12208,Z453,12,11,23
12209,Z458,446,490,936
12210,Z459,6,6,12
12211,Z460,4,2,6
12212,Z461,8,9,17
12213,Z462,59,45,104
12214,Z463,20,24,44
12215,Z464,15,4,19
12216,Z465,64,35,99
12217,Z466,3483,881,4364
12218,Z467,23,24,47
12219,Z468,54,66,120
12220,Z469,2,2,4
12221,Z470,1065,1597,2662
12222,Z478,158,125,283
12223,Z479,12,16,28
12224,Z480,220,239,459
12225,Z488,341,385,726
12226,Z489,117,129,246
12227,Z490,109,59,168
12228,Z491,122,73,195
12229,Z492,29,26,55
12230,Z500,393,136,529
12231,Z501,1084,1132,2216
12232,Z502,150,55,205
12233,Z503,6,3,9
12234,Z504,49,52,101
12235,Z505,171,141,312
12236,Z507,473,473,946
12237,Z508,272,225,497
12238,Z509,397,327,724
12239,Z510,1019,1165,2184
12240,Z511,3922,5564,9486
12241,Z512,3600,5899,9499
12242,Z513,472,462,934
12243,Z514,649,696,1345
12244,Z515,2288,1994,4282
12245,Z516,13,13,26
12246,Z518,524,505,1029
12247,Z519,28,60,88
12248,Z520,17,13,30
12249,Z521,3,3,6
12250,Z522,7,8,15
12251,Z523,20,26,46
12252,Z524,75,102,177
12253,Z526,1,0,1
12254,Z527,1,0,1
12255,Z528,11,11,22
12256,Z529,0,2,2
12257,Z530,3575,3699,7274
12258,Z531,40,41,81
12259,Z532,878,856,1734
12260,Z538,7107,7124,14231
12261,Z539,1247,1244,2491
12262,Z540,58,59,117
12263,Z541,1,2,3
12264,Z542,1,3,4
12265,Z544,19,19,38
12266,Z548,9,1,10
12267,Z549,5,3,8
12268,Z550,1,1,2
12269,Z551,1,2,3
12270,Z552,1,0,1
12271,Z560,31,13,44
12272,Z562,2,1,3
12273,Z563,13,16,29
12274,Z564,2,5,7
12275,Z566,32,18,50
12276,Z567,2,6,8
12277,Z570,5,0,5
12278,Z571,1,1,2
12279,Z572,297,23,320
12280,Z573,75,5,80
12281,Z574,5,0,5
12282,Z575,144,6,150
12283,Z576,1,1,2
12284,Z577,2,0,2
12285,Z578,23,3,26
12286,Z579,2,0,2
12287,Z580,2,1,3
12288,Z581,67,2,69
12289,Z583,0,3,3
12290,Z584,1,4,5
12291,Z585,16,2,18
12292,Z587,9,24,33
12293,Z588,17,15,32
12294,Z589,0,1,1
12295,Z590,31,8,39
12296,Z591,23,8,31
12297,Z592,4,5,9
12298,Z594,4,2,6
12299,Z596,3,0,3
12300,Z598,24,14,38
12301,Z599,10,12,22
12302,Z600,1,3,4
12303,Z601,1,2,3
12304,Z602,1482,1644,3126
12305,Z604,2,3,5
12306,Z605,0,1,1
12307,Z608,12,10,22
12308,Z609,13,6,19
12309,Z610,1,0,1
12310,Z611,0,2,2
12311,Z612,1,1,2
12312,Z613,1,1,2
12313,Z614,3,14,17
12314,Z615,6,3,9
12315,Z616,3,8,11
12316,Z617,1,1,2
12317,Z618,1,5,6
12318,Z620,0,1,1
12319,Z621,1,1,2
12320,Z622,1,0,1
12321,Z629,0,2,2
12322,Z630,52,54,106
12323,Z631,1,1,2
12324,Z632,0,2,2
12325,Z633,1,2,3
12326,Z634,75,124,199
12327,Z635,25,10,35
12328,Z636,9,10,19
12329,Z637,27,45,72
12330,Z638,37,31,68
12331,Z639,1,6,7
12332,Z640,1,44,45
12333,Z643,1,0,1
12334,Z651,1,0,1
12335,Z653,7,2,9
12336,Z654,1,0,1
12337,Z658,8,4,12
12338,Z659,1,4,5
12339,Z700,2,0,2
12340,Z701,9,0,9
12341,Z702,1,1,2
12342,Z703,1,0,1
12343,Z710,1,0,1
12344,Z711,67,89,156
12345,Z712,16,54,70
12346,Z713,155,101,256
12347,Z714,26,3,29
12348,Z715,1,2,3
12349,Z716,32,34,66
12350,Z717,1,0,1
12351,Z718,207,271,478
12352,Z719,65,107,172
12353,Z720,5629,4127,9756
12354,Z721,4901,2944,7845
12355,Z722,86,36,122
12356,Z723,1,1,2
12357,Z724,10,8,18
12358,Z725,5,0,5
12359,Z726,4,1,5
12360,Z728,18,7,25
12361,Z729,2,6,8
12362,Z730,1,2,3
12363,Z731,1,1,2
12364,Z732,0,1,1
12365,Z733,105,161,266
12366,Z736,8,17,25
12367,Z738,36,25,61
12368,Z739,210,154,364
12369,Z740,154,139,293
12370,Z741,21,24,45
12371,Z742,26,31,57
12372,Z743,5,2,7
12373,Z748,24,29,53
12374,Z749,17,14,31
12375,Z750,10,8,18
12376,Z751,333,221,554
12377,Z752,36,9,45
12378,Z753,40,43,83
12379,Z754,31,27,58
12380,Z755,32,19,51
12381,Z758,31,21,52
12382,Z759,1,2,3
12383,Z760,3,2,5
12384,Z762,0,1,1
12385,Z763,1,33,34
12386,Z764,1,1,2
12387,Z765,1,0,1
12388,Z768,30,22,52
12389,Z769,31,35,66
12390,Z800,2624,4237,6861
12391,Z801,162,207,369
12392,Z802,24,24,48
12393,Z803,95,1303,1398
12394,Z804,396,674,1070
12395,Z805,96,92,188
12396,Z806,26,40,66
12397,Z807,36,54,90
12398,Z808,102,155,257
12399,Z809,105,125,230
12400,Z810,0,1,1
12401,Z811,7,4,11
12402,Z812,7,2,9
12403,Z813,3,0,3
12404,Z814,1,0,1
12405,Z818,46,70,116
12406,Z820,67,67,134
12407,Z821,17,18,35
12408,Z822,9,12,21
12409,Z823,260,306,566
12410,Z824,7075,5032,12107
12411,Z825,34,39,73
12412,Z826,24,55,79
12413,Z827,10,54,64
12414,Z828,2,4,6
12415,Z830,1,0,1
12416,Z831,14,23,37
12417,Z832,13,25,38
12418,Z833,120,173,293
12419,Z834,33,65,98
12420,Z835,398,702,1100
12421,Z836,12,16,28
12422,Z837,231,447,678
12423,Z840,11,5,16
12424,Z841,12,13,25
12425,Z842,9,16,25
12426,Z843,0,1,1
12427,Z848,27,45,72
12428,Z850,2907,2193,5100
12429,Z8502,1,0,1
12430,Z851,368,295,663
12431,Z852,215,89,304
12432,Z853,71,6547,6618
12433,Z854,2972,1452,4424
12434,Z855,2058,734,2792
12435,Z856,196,143,339
12436,Z857,631,473,1104
12437,Z858,3039,2850,5889
12438,Z859,63,66,129
12439,Z860,2462,2835,5297
12440,Z861,1031,1078,2109
12441,Z862,126,188,314
12442,Z863,124,267,391
12443,Z864,17985,12136,30121
12444,Z865,312,583,895
12445,Z866,3687,3303,6990
12446,Z867,9073,7347,16420
12447,Z870,827,755,1582
12448,Z871,8107,7289,15396
12449,Z872,371,354,725
12450,Z873,918,1050,1968
12451,Z874,2914,3952,6866
12452,Z875,0,162,162
12453,Z876,18,12,30
12454,Z877,171,237,408
12455,Z878,381,369,750
12456,Z880,5543,10088,15631
12457,Z881,746,2850,3596
12458,Z882,101,681,782
12459,Z883,79,268,347
12460,Z884,68,196,264
12461,Z885,327,1047,1374
12462,Z886,1381,3084,4465
12463,Z887,83,115,198
12464,Z888,1755,3695,5450
12465,Z889,52,120,172
12466,Z890,32,20,52
12467,Z891,6,1,7
12468,Z892,22,6,28
12469,Z894,128,45,173
12470,Z895,114,41,155
12471,Z896,85,31,116
12472,Z897,21,7,28
12473,Z898,8,4,12
12474,Z899,20,4,24
12475,Z900,139,99,238
12476,Z901,32,2426,2458
12477,Z902,306,268,574
12478,Z903,201,140,341
12479,Z904,2886,3658,6544
12480,Z905,663,517,1180
12481,Z906,209,99,308
12482,Z907,1014,4848,5862
12483,Z908,112,154,266
12484,Z910,925,2847,3772
12485,Z911,330,242,572
12486,Z912,14,9,23
12487,Z913,3,0,3
12488,Z914,8,5,13
12489,Z915,507,563,1070
12490,Z916,302,256,558
12491,Z918,16,45,61
12492,Z920,35,141,176
12493,Z921,7564,4103,11667
12494,Z922,10021,6649,16670
12495,Z923,1753,1934,3687
12496,Z924,586,695,1281
12497,Z925,5,3,8
12498,Z926,1614,2012,3626
12499,Z928,66,63,129
12500,Z929,6,1,7
12501,Z930,132,66,198
12502,Z931,281,177,458
12503,Z932,613,479,1092
12504,Z933,540,433,973
12505,Z934,75,72,147
12506,Z935,118,73,191
12507,Z936,244,184,428
12508,Z938,21,15,36
12509,Z939,19,14,33
12510,Z940,200,130,330
12511,Z941,26,9,35
12512,Z942,15,12,27
12513,Z943,7,5,12
12514,Z944,60,31,91
12515,Z945,10,6,16
12516,Z946,7,7,14
12517,Z947,47,62,109
12518,Z948,251,164,415
12519,Z949,6,2,8
12520,Z950,1733,745,2478
12521,Z951,3534,586,4120
12522,Z952,637,310,947
12523,Z953,174,78,252
12524,Z954,678,322,1000
12525,Z955,4650,1252,5902
12526,Z958,1517,555,2072
12527,Z959,175,45,220
12528,Z960,1079,478,1557
12529,Z961,2632,3497,6129
12530,Z962,53,52,105
12531,Z963,9,0,9
12532,Z964,19,23,42
12533,Z965,4,4,8
12534,Z966,5011,6043,11054
12535,Z967,120,153,273
12536,Z968,454,431,885
12537,Z969,23,22,45
12538,Z970,58,31,89
12539,Z971,15,13,28
12540,Z972,20,23,43
12541,Z973,12,37,49
12542,Z974,228,151,379
12543,Z975,0,344,344
12544,Z978,108,143,251
12545,Z980,1219,1093,2312
12546,Z981,226,362,588
12547,Z982,77,98,175
12548,Z988,291,371,662
12549,Z990,7,3,10
12550,Z991,271,153,424
12551,Z992,274,151,425
12552,Z993,280,335,615
12553,Z994,3,0,3
12554,Z998,295,160,455
12555,Z999,6,3,9
12556,,154588,178827,333415
